screen nvir_per_occ nsamples t_exact t_sample t_exchange t_MP2_total E_exact E_exchange MP2_error nvir_per_occ_rms
1.0e-04 1.000501e+03 80 1089.5578 0.0503 1096.6628 1252.9406 3.298650311907e+00 3.298645148997e+00 -4.691107462218e-05 1.011120e+03
2.0e-04 8.188887e+02 482 623.2070 0.0607 630.6483 786.9261 3.298516960733e+00 3.299402211195e+00 7.101511235712e-04 8.338837e+02
5.0e-04 5.878687e+02 12399 266.3617 0.0721 274.4403 430.7181 3.297601810656e+00 3.298787428072e+00 9.536800053223e-05 6.068352e+02
1.0e-03 4.283002e+02 122484 124.7699 0.0974 132.2936 288.5715 3.294747193212e+00 3.298875106774e+00 1.830467022694e-04 4.497952e+02
2.0e-03 3.039723e+02 944448 58.8423 0.3007 66.5595 222.8373 3.286210329174e+00 3.298285285361e+00 -4.067747104068e-04 3.263663e+02
5.0e-03 1.543969e+02 16901564 16.6736 1.1099 25.4564 181.7342 3.229863840114e+00 3.298777962863e+00 8.590279160892e-05 1.696541e+02
1.0e-02 8.836841e+01 70793308 7.7279 3.1838 18.0200 174.2978 3.125044410524e+00 3.299032658826e+00 3.405987542537e-04 1.001527e+02
2.0e-02 4.808201e+01 294205943 4.3761 10.6564 22.2795 178.5573 2.850780110829e+00 3.299023719481e+00 3.316594093006e-04 5.735506e+01
5.0e-02 1.688921e+01 1532157125 2.5789 44.1923 54.2168 210.4946 1.980911813493e+00 3.298820374981e+00 1.283149093299e-04 2.261773e+01
1.0e-01 2.501031e+00 6240865458 2.0032 173.7243 182.8872 339.1650 5.557049365780e-01 3.298571109214e+00 -1.209508573075e-04 3.706028e+00
2.0e-01 0.000000e+00 10307172390 1.8269 285.9585 294.8296 451.1075 0.000000000000e+00 3.298730274548e+00 3.821447642149e-05 0.000000e+00
