# STC-MP2 on large molecules, frozen core, requested error 3e-4 Eh, 8 threads.
# t_MP2 = t_laplace + t_direct + t_exchange (the driver total); t_job is the SLURM elapsed.
# Rov_GB is the size of the dressed tensor, nocc*nvir*naux*8 bytes.
system formula natom basis nao nocc nvir naux Rov_GB screen nsamples nvir_per_occ t_loc t_Rov t_warm t_laplace t_direct t_exchange t_std t_MP2 t_job E_exchange E_direct E_mp2 err_exchange std_exchange err_mp2 t_pyscf_SCF t_pyscf_MP2
c3gc C63H28N8O2 101 cc-pvtz 2582 166 2343 6753 21.0 5.0e-03 188241616 194.3 13.0314 365.1509 94.7559 367.6035 579.2171 123.5530 50.2298 1070.3736 1975 5.338217284871e+00 8.615082597160e+00 -1.189194790945e+01 1.106151e-04 3.076718e-04 1.082351e-04 2851.5 2395.6
c3gc C63H28N8O2 101 cc-pvtz 2582 166 2343 6753 21.0 1.0e-02 796164905 102.5 13.0314 365.1509 94.7559 367.6035 579.2171 110.9250 25.2407 1057.7456 1975 5.337752159492e+00 8.615082597160e+00 -1.189241303483e+01 -3.545103e-04 3.030555e-04 -3.568903e-04 2851.5 2395.6
c3gc C63H28N8O2 101 cc-pvtz 2582 166 2343 6753 21.0 2.0e-02 2512564596 48.9 13.0314 365.1509 94.7559 367.6035 579.2171 190.4373 22.3857 1137.2579 1975 5.338419385134e+00 8.615082597160e+00 -1.189174580919e+01 3.127153e-04 3.009896e-04 3.103353e-04 2851.5 2395.6
c3gc C63H28N8O2 101 cc-pvqz 4855 166 4616 11176 68.5 5.0e-03 407602697 295.1 36.3948 2058.4902 277.5647 1708.7790 2820.4174 260.4431 82.9953 4789.6394 8032 5.872287795778e+00 9.253109861025e+00 -1.263393192627e+01 -2.426407e-04 3.048727e-04 -2.555042e-04 22547.2 13347.6
c3gc C63H28N8O2 101 cc-pvqz 4855 166 4616 11176 68.5 1.0e-02 1597335717 150.6 36.3948 2058.4902 277.5647 1708.7790 2820.4174 240.0327 59.5668 4769.2290 8032 5.873059931899e+00 9.253109861025e+00 -1.263315979015e+01 5.294954e-04 3.040134e-04 5.166319e-04 22547.2 13347.6
c3gc C63H28N8O2 101 cc-pvqz 4855 166 4616 11176 68.5 2.0e-02 4467584941 75.1 36.3948 2058.4902 277.5647 1708.7790 2820.4174 420.3879 27.8369 4949.5842 8032 5.872246352988e+00 9.253109861025e+00 -1.263397336906e+01 -2.840835e-04 3.033901e-04 -2.969470e-04 22547.2 13347.6
valinomycin C54H90N6O18 168 cc-pvtz 3600 222 3300 9018 52.9 5.0e-03 48720973 140.9 21.7349 1103.9926 184.2672 1211.1320 1959.6468 169.5044 75.5456 3340.2833 5092 7.330748616222e+00 1.097706815998e+01 -1.462338770373e+01 -9.069157e-05 2.974690e-04 -9.072622e-05 9944.3 9609.3
valinomycin C54H90N6O18 168 cc-pvtz 3600 222 3300 9018 52.9 1.0e-02 230768296 81.8 21.7349 1103.9926 184.2672 1211.1320 1959.6468 128.6664 40.7236 3299.4453 5092 7.331436217607e+00 1.097706815998e+01 -1.462270010234e+01 5.969098e-04 3.043997e-04 5.968752e-04 9944.3 9609.3
valinomycin C54H90N6O18 168 cc-pvtz 3600 222 3300 9018 52.9 2.0e-02 962300548 41.8 21.7349 1103.9926 184.2672 1211.1320 1959.6468 139.6236 16.9626 3310.4025 5092 7.331167426736e+00 1.097706815998e+01 -1.462296889322e+01 3.281189e-04 3.038088e-04 3.280843e-04 9944.3 9609.3
valinomycin C54H90N6O18 168 cc-pvqz 6990 222 6690 15246 181.1 5.0e-03 115370089 225.5 70.0854 6450.6860 725.8685 4956.3216 8928.9845 289.0335 190.4197 14174.3396 22277 8.038392981177e+00 1.181851125122e+01 -1.559862952126e+01 -6.902145e-05 3.074829e-04 -7.345506e-05 67540.9 63931.4
valinomycin C54H90N6O18 168 cc-pvqz 6990 222 6690 15246 181.1 1.0e-02 536044204 128.1 70.0854 6450.6860 725.8685 4956.3216 8928.9845 232.8816 91.9374 14118.1877 22277 8.038454893841e+00 1.181851125122e+01 -1.559856760860e+01 -7.108781e-06 2.972831e-04 -1.154240e-05 67540.9 63931.4
valinomycin C54H90N6O18 168 cc-pvqz 6990 222 6690 15246 181.1 2.0e-02 1964162304 68.3 70.0854 6450.6860 725.8685 4956.3216 8928.9845 265.9668 26.6345 14151.2728 22277 8.038566423969e+00 1.181851125122e+01 -1.559845607847e+01 1.044213e-04 3.049332e-04 9.998773e-05 67540.9 63931.4
vancomycin C66H75Cl2N9O24 176 cc-pvtz 4088 271 3708 10513 84.5 5.0e-03 97995077 152.8 39.2603 1896.2709 330.9208 2104.2823 3429.5768 328.7043 187.9982 5862.5634 9145 8.936531937783e+00 1.380061236503e+01 -1.866469279227e+01 9.404926e-05 3.068722e-04 9.349665e-05 18190.4 21075.5
vancomycin C66H75Cl2N9O24 176 cc-pvtz 4088 271 3708 10513 84.5 1.0e-02 491447294 87.5 39.2603 1896.2709 330.9208 2104.2823 3429.5768 261.3676 148.0833 5795.2267 9145 8.936074283131e+00 1.380061236503e+01 -1.866515044692e+01 -3.636054e-04 2.992486e-04 -3.641580e-04 18190.4 21075.5
vancomycin C66H75Cl2N9O24 176 cc-pvtz 4088 271 3708 10513 84.5 2.0e-02 1964267774 44.3 39.2603 1896.2709 330.9208 2104.2823 3429.5768 301.3324 78.5563 5835.1915 9145 8.936351908643e+00 1.380061236503e+01 -1.866487282141e+01 -8.597989e-05 3.016599e-04 -8.653249e-05 18190.4 21075.5
