# BN_2x2 cc-pVTZ, screen 1e-2, target 3e-4 Ha, 2500 independent runs
# reference (pyscf DF-MP2, frozen core): -2.351443749949e+00
E_exchange E_mp2
1.164926747810e+00 -2.351469264796e+00
1.164478149136e+00 -2.351917863470e+00
1.165015770922e+00 -2.351380241685e+00
1.164918442509e+00 -2.351477570097e+00
1.164926671511e+00 -2.351469341096e+00
1.164322480963e+00 -2.352073531643e+00
1.164693988962e+00 -2.351702023645e+00
1.165342733983e+00 -2.351053278623e+00
1.165087212927e+00 -2.351308799679e+00
1.165269914804e+00 -2.351126097802e+00
1.164593233867e+00 -2.351802778739e+00
1.164987238057e+00 -2.351408774549e+00
1.165231239960e+00 -2.351164772646e+00
1.165001016410e+00 -2.351394996196e+00
1.164689744695e+00 -2.351706267912e+00
1.164633302942e+00 -2.351762709664e+00
1.164848782631e+00 -2.351547229975e+00
1.164842589676e+00 -2.351553422930e+00
1.164918817967e+00 -2.351477194639e+00
1.165512838482e+00 -2.350883174124e+00
1.165007246384e+00 -2.351388766222e+00
1.164650987799e+00 -2.351745024807e+00
1.165280387520e+00 -2.351115625086e+00
1.165452918645e+00 -2.350943093961e+00
1.165358469485e+00 -2.351037543121e+00
1.164809776629e+00 -2.351586235977e+00
1.165030771319e+00 -2.351365241287e+00
1.165255181193e+00 -2.351140831413e+00
1.164738040487e+00 -2.351657972119e+00
1.164685005049e+00 -2.351711007557e+00
1.164877168787e+00 -2.351518843819e+00
1.165364888038e+00 -2.351031124568e+00
1.164687211291e+00 -2.351708801315e+00
1.165177537179e+00 -2.351218475427e+00
1.165095940347e+00 -2.351300072259e+00
1.164743230190e+00 -2.351652782416e+00
1.164961125603e+00 -2.351434887003e+00
1.164561261457e+00 -2.351834751149e+00
1.165027732202e+00 -2.351368280404e+00
1.165395281460e+00 -2.351000731146e+00
1.164802592916e+00 -2.351593419690e+00
1.165426700324e+00 -2.350969312282e+00
1.164930578762e+00 -2.351465433844e+00
1.164663247008e+00 -2.351732765598e+00
1.164788079018e+00 -2.351607933589e+00
1.164963153532e+00 -2.351432859074e+00
1.165348336624e+00 -2.351047675982e+00
1.165045910017e+00 -2.351350102589e+00
1.164847271958e+00 -2.351548740648e+00
1.164369370891e+00 -2.352026641715e+00
1.164834496453e+00 -2.351561516153e+00
1.164867319530e+00 -2.351528693076e+00
1.165042432036e+00 -2.351353580570e+00
1.165319755974e+00 -2.351076256632e+00
1.164866773031e+00 -2.351529239575e+00
1.164993445093e+00 -2.351402567513e+00
1.164484900002e+00 -2.351911112604e+00
1.164780295487e+00 -2.351615717119e+00
1.165153505326e+00 -2.351242507280e+00
1.164773186834e+00 -2.351622825773e+00
1.164759480730e+00 -2.351636531876e+00
1.165346449332e+00 -2.351049563274e+00
1.164955493674e+00 -2.351440518933e+00
1.164600003476e+00 -2.351796009130e+00
1.164885004557e+00 -2.351511008049e+00
1.165169477779e+00 -2.351226534827e+00
1.164926746054e+00 -2.351469266552e+00
1.164842000516e+00 -2.351554012090e+00
1.164756878344e+00 -2.351639134262e+00
1.164640224115e+00 -2.351755788491e+00
1.165546441344e+00 -2.350849571262e+00
1.165192925455e+00 -2.351203087151e+00
1.164606292016e+00 -2.351789720591e+00
1.164807122661e+00 -2.351588889945e+00
1.164981325386e+00 -2.351414687220e+00
1.164935315241e+00 -2.351460697365e+00
1.164715468019e+00 -2.351680544587e+00
1.165277019865e+00 -2.351118992741e+00
1.164591008559e+00 -2.351805004047e+00
1.164970669598e+00 -2.351425343008e+00
1.164944178846e+00 -2.351451833761e+00
1.165462030605e+00 -2.350933982002e+00
1.164732979025e+00 -2.351663033581e+00
1.164809365115e+00 -2.351586647492e+00
1.164952043553e+00 -2.351443969054e+00
1.164818851676e+00 -2.351577160930e+00
1.164460531418e+00 -2.351935481188e+00
1.165061886428e+00 -2.351334126178e+00
1.164361298909e+00 -2.352034713697e+00
1.164863098245e+00 -2.351532914361e+00
1.164778732689e+00 -2.351617279917e+00
1.164908992280e+00 -2.351487020326e+00
1.164646168842e+00 -2.351749843764e+00
1.164851552127e+00 -2.351544460479e+00
1.164685449726e+00 -2.351710562881e+00
1.165300956733e+00 -2.351095055874e+00
1.165207111060e+00 -2.351188901546e+00
1.165145965841e+00 -2.351250046765e+00
1.165389197742e+00 -2.351006814864e+00
1.164841751131e+00 -2.351554261475e+00
1.164881925718e+00 -2.351514086888e+00
1.165238165048e+00 -2.351157847558e+00
1.165494130999e+00 -2.350901881607e+00
1.165305000489e+00 -2.351091012117e+00
1.164922865634e+00 -2.351473146972e+00
1.165196470079e+00 -2.351199542527e+00
1.165198618342e+00 -2.351197394264e+00
1.165312346424e+00 -2.351083666182e+00
1.164786207599e+00 -2.351609805007e+00
1.165026023449e+00 -2.351369989157e+00
1.165278431507e+00 -2.351117581099e+00
1.165068755793e+00 -2.351327256814e+00
1.164951061525e+00 -2.351444951081e+00
1.164838381877e+00 -2.351557630729e+00
1.164705380705e+00 -2.351690631901e+00
1.165183247608e+00 -2.351212764998e+00
1.164636575405e+00 -2.351759437201e+00
1.165022736790e+00 -2.351373275816e+00
1.165143762939e+00 -2.351252249667e+00
1.165435262419e+00 -2.350960750187e+00
1.164785333460e+00 -2.351610679146e+00
1.164389778251e+00 -2.352006234355e+00
1.165073523547e+00 -2.351322489059e+00
1.165196359480e+00 -2.351199653126e+00
1.165082428956e+00 -2.351313583650e+00
1.164638893199e+00 -2.351757119407e+00
1.165395860521e+00 -2.351000152085e+00
1.165186499591e+00 -2.351209513016e+00
1.164422670446e+00 -2.351973342160e+00
1.164982154133e+00 -2.351413858473e+00
1.165000816780e+00 -2.351395195826e+00
1.165025703339e+00 -2.351370309267e+00
1.164902511951e+00 -2.351493500655e+00
1.165155646172e+00 -2.351240366434e+00
1.164968785028e+00 -2.351427227578e+00
1.164681802092e+00 -2.351714210514e+00
1.164659223901e+00 -2.351736788705e+00
1.164959951094e+00 -2.351436061512e+00
1.164908947452e+00 -2.351487065154e+00
1.165048394068e+00 -2.351347618538e+00
1.164439918406e+00 -2.351956094200e+00
1.164936115825e+00 -2.351459896781e+00
1.164740419171e+00 -2.351655593436e+00
1.165087688986e+00 -2.351308323620e+00
1.165023421751e+00 -2.351372590855e+00
1.165165618895e+00 -2.351230393711e+00
1.164466747883e+00 -2.351929264723e+00
1.165542915539e+00 -2.350853097067e+00
1.164253833224e+00 -2.352142179382e+00
1.164752079278e+00 -2.351643933328e+00
1.164625240915e+00 -2.351770771691e+00
1.164148813692e+00 -2.352247198915e+00
1.164736211395e+00 -2.351659801212e+00
1.164817479805e+00 -2.351578532801e+00
1.164899620781e+00 -2.351496391825e+00
1.164401459497e+00 -2.351994553109e+00
1.164836648419e+00 -2.351559364187e+00
1.165701565841e+00 -2.350694446765e+00
1.165317359661e+00 -2.351078652945e+00
1.165110740794e+00 -2.351285271812e+00
1.164920983499e+00 -2.351475029107e+00
1.165045123033e+00 -2.351350889573e+00
1.165143636867e+00 -2.351252375739e+00
1.164869436135e+00 -2.351526576471e+00
1.164575758754e+00 -2.351820253852e+00
1.164819335407e+00 -2.351576677199e+00
1.164956372023e+00 -2.351439640583e+00
1.165465265224e+00 -2.350930747382e+00
1.165082786615e+00 -2.351313225991e+00
1.164604659684e+00 -2.351791352922e+00
1.164957780605e+00 -2.351438232001e+00
1.165003657095e+00 -2.351392355511e+00
1.164915714251e+00 -2.351480298356e+00
1.165152620482e+00 -2.351243392124e+00
1.164890940167e+00 -2.351505072439e+00
1.165278510558e+00 -2.351117502048e+00
1.164555469598e+00 -2.351840543008e+00
1.164973179816e+00 -2.351422832790e+00
1.164506923756e+00 -2.351889088850e+00
1.164756172454e+00 -2.351639840152e+00
1.164613864569e+00 -2.351782148037e+00
1.165249825683e+00 -2.351146186923e+00
1.164945216092e+00 -2.351450796514e+00
1.164613725729e+00 -2.351782286877e+00
1.164693837976e+00 -2.351702174631e+00
1.165018035652e+00 -2.351377976954e+00
1.164699093404e+00 -2.351696919202e+00
1.165344471296e+00 -2.351051541310e+00
1.164783517850e+00 -2.351612494756e+00
1.165070774643e+00 -2.351325237963e+00
1.165153321210e+00 -2.351242691396e+00
1.164431741713e+00 -2.351964270893e+00
1.165761480804e+00 -2.350634531802e+00
1.164996865341e+00 -2.351399147265e+00
1.164923576487e+00 -2.351472436119e+00
1.164668345039e+00 -2.351727667567e+00
1.165117246586e+00 -2.351278766020e+00
1.164920915794e+00 -2.351475096812e+00
1.165309532261e+00 -2.351086480345e+00
1.164773995331e+00 -2.351622017275e+00
1.165499101630e+00 -2.350896910976e+00
1.164838077304e+00 -2.351557935302e+00
1.164924221985e+00 -2.351471790621e+00
1.165760216513e+00 -2.350635796093e+00
1.165206019338e+00 -2.351189993268e+00
1.164963227192e+00 -2.351432785414e+00
1.164597491179e+00 -2.351798521427e+00
1.164492488344e+00 -2.351903524262e+00
1.164574101948e+00 -2.351821910658e+00
1.164775152438e+00 -2.351620860168e+00
1.164724199065e+00 -2.351671813541e+00
1.164784643356e+00 -2.351611369250e+00
1.165134202933e+00 -2.351261809674e+00
1.165048410205e+00 -2.351347602401e+00
1.165071474233e+00 -2.351324538373e+00
1.165318248861e+00 -2.351077763745e+00
1.165006038249e+00 -2.351389974357e+00
1.165118553352e+00 -2.351277459254e+00
1.165330728976e+00 -2.351065283630e+00
1.164631221599e+00 -2.351764791007e+00
1.164525954774e+00 -2.351870057832e+00
1.165518477390e+00 -2.350877535216e+00
1.164828951378e+00 -2.351567061228e+00
1.164960944003e+00 -2.351435068604e+00
1.164569631348e+00 -2.351826381258e+00
1.164848197457e+00 -2.351547815149e+00
1.164605768951e+00 -2.351790243655e+00
1.164873809139e+00 -2.351522203468e+00
1.165522827570e+00 -2.350873185036e+00
1.165029143461e+00 -2.351366869145e+00
1.164180871511e+00 -2.352215141095e+00
1.165123600134e+00 -2.351272412472e+00
1.165435809749e+00 -2.350960202857e+00
1.164999044432e+00 -2.351396968174e+00
1.165352111297e+00 -2.351043901309e+00
1.164889765927e+00 -2.351506246679e+00
1.165039258622e+00 -2.351356753984e+00
1.165319053128e+00 -2.351076959479e+00
1.165271282946e+00 -2.351124729660e+00
1.165351185447e+00 -2.351044827160e+00
1.165167899913e+00 -2.351228112693e+00
1.164925636650e+00 -2.351470375956e+00
1.165299603384e+00 -2.351096409222e+00
1.165210977390e+00 -2.351185035216e+00
1.165403198043e+00 -2.350992814563e+00
1.164680176537e+00 -2.351715836069e+00
1.164783631846e+00 -2.351612380760e+00
1.164980325226e+00 -2.351415687380e+00
1.164927663580e+00 -2.351468349026e+00
1.165145940997e+00 -2.351250071609e+00
1.165013644910e+00 -2.351382367696e+00
1.164688150871e+00 -2.351707861735e+00
1.164801913584e+00 -2.351594099023e+00
1.164912805266e+00 -2.351483207340e+00
1.165150745526e+00 -2.351245267081e+00
1.165061905234e+00 -2.351334107372e+00
1.165400891163e+00 -2.350995121443e+00
1.164727451351e+00 -2.351668561255e+00
1.165067172842e+00 -2.351328839764e+00
1.164551493224e+00 -2.351844519382e+00
1.164521002211e+00 -2.351875010395e+00
1.164932737557e+00 -2.351463275050e+00
1.164807171323e+00 -2.351588841283e+00
1.164691517491e+00 -2.351704495115e+00
1.165137764724e+00 -2.351258247882e+00
1.165252903679e+00 -2.351143108928e+00
1.164866864283e+00 -2.351529148323e+00
1.164992881845e+00 -2.351403130761e+00
1.165194241281e+00 -2.351201771325e+00
1.164465927536e+00 -2.351930085070e+00
1.165011280365e+00 -2.351384732241e+00
1.164938336823e+00 -2.351457675783e+00
1.164579471829e+00 -2.351816540777e+00
1.165009376707e+00 -2.351386635899e+00
1.165129065929e+00 -2.351266946677e+00
1.164992793606e+00 -2.351403219000e+00
1.165260340777e+00 -2.351135671830e+00
1.165145486188e+00 -2.351250526419e+00
1.165115937952e+00 -2.351280074654e+00
1.165009309672e+00 -2.351386702934e+00
1.164794550565e+00 -2.351601462041e+00
1.164787938797e+00 -2.351608073809e+00
1.164532488178e+00 -2.351863524428e+00
1.165321310826e+00 -2.351074701780e+00
1.164637009697e+00 -2.351759002909e+00
1.165093346944e+00 -2.351302665662e+00
1.164792778568e+00 -2.351603234038e+00
1.165070544046e+00 -2.351325468560e+00
1.165178614858e+00 -2.351217397748e+00
1.165155688631e+00 -2.351240323975e+00
1.164942454725e+00 -2.351453557881e+00
1.164843687815e+00 -2.351552324791e+00
1.165083689985e+00 -2.351312322621e+00
1.164760082447e+00 -2.351635930159e+00
1.165251074774e+00 -2.351144937832e+00
1.165035665211e+00 -2.351360347395e+00
1.165718335560e+00 -2.350677677046e+00
1.164862323327e+00 -2.351533689279e+00
1.165394186136e+00 -2.351001826470e+00
1.165237270102e+00 -2.351158742504e+00
1.165561848846e+00 -2.350834163761e+00
1.164756191716e+00 -2.351639820890e+00
1.165583022445e+00 -2.350812990162e+00
1.165095155098e+00 -2.351300857508e+00
1.165256028995e+00 -2.351139983612e+00
1.165130425648e+00 -2.351265586958e+00
1.164817649462e+00 -2.351578363144e+00
1.164817380927e+00 -2.351578631679e+00
1.164518519394e+00 -2.351877493213e+00
1.165055542710e+00 -2.351340469896e+00
1.165144519800e+00 -2.351251492806e+00
1.165110213889e+00 -2.351285798717e+00
1.165711263113e+00 -2.350684749493e+00
1.165099650427e+00 -2.351296362179e+00
1.165421059129e+00 -2.350974953477e+00
1.164791241873e+00 -2.351604770733e+00
1.165297641403e+00 -2.351098371203e+00
1.164982898821e+00 -2.351413113785e+00
1.165025052640e+00 -2.351370959966e+00
1.165449786748e+00 -2.350946225858e+00
1.165100417586e+00 -2.351295595020e+00
1.164926967733e+00 -2.351469044873e+00
1.165045889020e+00 -2.351350123587e+00
1.164310487795e+00 -2.352085524811e+00
1.164658617557e+00 -2.351737395049e+00
1.164750905294e+00 -2.351645107312e+00
1.164725868063e+00 -2.351670144543e+00
1.165002940058e+00 -2.351393072549e+00
1.165333822588e+00 -2.351062190018e+00
1.164879365116e+00 -2.351516647490e+00
1.165077712758e+00 -2.351318299848e+00
1.164813854415e+00 -2.351582158191e+00
1.165097347716e+00 -2.351298664890e+00
1.165006971148e+00 -2.351389041458e+00
1.165122432713e+00 -2.351273579893e+00
1.164773113005e+00 -2.351622899601e+00
1.165100548767e+00 -2.351295463839e+00
1.164583988137e+00 -2.351812024469e+00
1.165071967280e+00 -2.351324045326e+00
1.164415988001e+00 -2.351980024605e+00
1.164668046981e+00 -2.351727965626e+00
1.164432912876e+00 -2.351963099730e+00
1.165172402893e+00 -2.351223609713e+00
1.165154549125e+00 -2.351241463481e+00
1.165039178332e+00 -2.351356834274e+00
1.164943513115e+00 -2.351452499491e+00
1.164593949400e+00 -2.351802063206e+00
1.165036963243e+00 -2.351359049363e+00
1.165303342197e+00 -2.351092670409e+00
1.164733926482e+00 -2.351662086124e+00
1.165195192791e+00 -2.351200819815e+00
1.165157146410e+00 -2.351238866196e+00
1.165651578933e+00 -2.350744433673e+00
1.164784145463e+00 -2.351611867143e+00
1.165220393105e+00 -2.351175619501e+00
1.165159966253e+00 -2.351236046353e+00
1.164823461034e+00 -2.351572551572e+00
1.165229323742e+00 -2.351166688864e+00
1.164801300834e+00 -2.351594711772e+00
1.164837541420e+00 -2.351558471186e+00
1.165294982131e+00 -2.351101030475e+00
1.164796013306e+00 -2.351599999300e+00
1.165057699356e+00 -2.351338313250e+00
1.164866384260e+00 -2.351529628346e+00
1.164880067657e+00 -2.351515944949e+00
1.164359792555e+00 -2.352036220051e+00
1.164783596760e+00 -2.351612415846e+00
1.165017528323e+00 -2.351378484283e+00
1.165085460029e+00 -2.351310552577e+00
1.165302564534e+00 -2.351093448073e+00
1.165088173382e+00 -2.351307839225e+00
1.164894443177e+00 -2.351501569429e+00
1.164928498976e+00 -2.351467513630e+00
1.164441506506e+00 -2.351954506100e+00
1.165553671067e+00 -2.350842341539e+00
1.165134966897e+00 -2.351261045709e+00
1.164505806578e+00 -2.351890206029e+00
1.165016592416e+00 -2.351379420190e+00
1.165269789522e+00 -2.351126223084e+00
1.164702255387e+00 -2.351693757219e+00
1.165195216111e+00 -2.351200796495e+00
1.164595621923e+00 -2.351800390683e+00
1.164820528659e+00 -2.351575483947e+00
1.165085379789e+00 -2.351310632817e+00
1.164866376449e+00 -2.351529636157e+00
1.165438553032e+00 -2.350957459574e+00
1.164706433657e+00 -2.351689578949e+00
1.164729655272e+00 -2.351666357334e+00
1.164977598388e+00 -2.351418414218e+00
1.165153481818e+00 -2.351242530788e+00
1.164823253826e+00 -2.351572758780e+00
1.165044749975e+00 -2.351351262631e+00
1.164974747732e+00 -2.351421264874e+00
1.165295010444e+00 -2.351101002162e+00
1.165056550624e+00 -2.351339461982e+00
1.164639561626e+00 -2.351756450980e+00
1.164847766781e+00 -2.351548245825e+00
1.165020589786e+00 -2.351375422820e+00
1.164804747899e+00 -2.351591264707e+00
1.164975613775e+00 -2.351420398831e+00
1.165489347165e+00 -2.350906665441e+00
1.164658151975e+00 -2.351737860631e+00
1.165043493014e+00 -2.351352519593e+00
1.165050456065e+00 -2.351345556541e+00
1.164771748259e+00 -2.351624264347e+00
1.164936069587e+00 -2.351459943019e+00
1.165014454552e+00 -2.351381558054e+00
1.165074117438e+00 -2.351321895168e+00
1.164950515113e+00 -2.351445497493e+00
1.164832999584e+00 -2.351563013022e+00
1.165237017982e+00 -2.351158994624e+00
1.164803762726e+00 -2.351592249880e+00
1.164915206494e+00 -2.351480806112e+00
1.164596614332e+00 -2.351799398274e+00
1.165509192286e+00 -2.350886820320e+00
1.164816048630e+00 -2.351579963976e+00
1.164306609466e+00 -2.352089403140e+00
1.164974900605e+00 -2.351421112001e+00
1.165013255422e+00 -2.351382757184e+00
1.165024457504e+00 -2.351371555102e+00
1.164976570535e+00 -2.351419442071e+00
1.164818024939e+00 -2.351577987667e+00
1.164038246610e+00 -2.352357765996e+00
1.164148310681e+00 -2.352247701925e+00
1.164857405992e+00 -2.351538606614e+00
1.165173182850e+00 -2.351222829756e+00
1.165186446781e+00 -2.351209565825e+00
1.164492549290e+00 -2.351903463316e+00
1.164913946504e+00 -2.351482066102e+00
1.164283566838e+00 -2.352112445768e+00
1.165128147064e+00 -2.351267865542e+00
1.164516588590e+00 -2.351879424016e+00
1.164646930328e+00 -2.351749082278e+00
1.164662175025e+00 -2.351733837581e+00
1.164499585626e+00 -2.351896426980e+00
1.164684145069e+00 -2.351711867537e+00
1.164979829993e+00 -2.351416182613e+00
1.164983239857e+00 -2.351412772750e+00
1.165256266142e+00 -2.351139746465e+00
1.165367605404e+00 -2.351028407202e+00
1.165042595716e+00 -2.351353416890e+00
1.165278627876e+00 -2.351117384730e+00
1.165107088318e+00 -2.351288924289e+00
1.165378141294e+00 -2.351017871312e+00
1.164807072047e+00 -2.351588940559e+00
1.164953144388e+00 -2.351442868218e+00
1.165074675464e+00 -2.351321337142e+00
1.165163919229e+00 -2.351232093378e+00
1.165297374534e+00 -2.351098638072e+00
1.164616275212e+00 -2.351779737394e+00
1.164817981486e+00 -2.351578031120e+00
1.165233231084e+00 -2.351162781522e+00
1.164901624153e+00 -2.351494388453e+00
1.165002126721e+00 -2.351393885885e+00
1.165150067173e+00 -2.351245945433e+00
1.164589586038e+00 -2.351806426568e+00
1.164819180505e+00 -2.351576832101e+00
1.164467707025e+00 -2.351928305581e+00
1.164684411760e+00 -2.351711600846e+00
1.165476387487e+00 -2.350919625119e+00
1.164704424801e+00 -2.351691587805e+00
1.164868722272e+00 -2.351527290335e+00
1.165119701680e+00 -2.351276310926e+00
1.164918631958e+00 -2.351477380648e+00
1.164635283910e+00 -2.351760728697e+00
1.165410318842e+00 -2.350985693764e+00
1.165002963503e+00 -2.351393049103e+00
1.165251243044e+00 -2.351144769562e+00
1.165001534403e+00 -2.351394478203e+00
1.164733807431e+00 -2.351662205175e+00
1.164943319476e+00 -2.351452693130e+00
1.165210355912e+00 -2.351185656694e+00
1.164724183009e+00 -2.351671829597e+00
1.165195144130e+00 -2.351200868476e+00
1.164991107384e+00 -2.351404905222e+00
1.164775506085e+00 -2.351620506521e+00
1.164954111784e+00 -2.351441900822e+00
1.165128324821e+00 -2.351267687785e+00
1.165079485268e+00 -2.351316527338e+00
1.164782966973e+00 -2.351613045633e+00
1.164693934731e+00 -2.351702077875e+00
1.164896937005e+00 -2.351499075601e+00
1.165672991941e+00 -2.350723020665e+00
1.165203634890e+00 -2.351192377717e+00
1.165411172652e+00 -2.350984839954e+00
1.165074291218e+00 -2.351321721388e+00
1.164589687163e+00 -2.351806325443e+00
1.165229606556e+00 -2.351166406050e+00
1.165072795950e+00 -2.351323216656e+00
1.165160582201e+00 -2.351235430405e+00
1.165247071065e+00 -2.351148941541e+00
1.164734023985e+00 -2.351661988621e+00
1.164929307493e+00 -2.351466705113e+00
1.164986178137e+00 -2.351409834469e+00
1.165208403783e+00 -2.351187608824e+00
1.164901927630e+00 -2.351494084976e+00
1.164859189934e+00 -2.351536822672e+00
1.165232649650e+00 -2.351163362956e+00
1.164831276600e+00 -2.351564736007e+00
1.165272735298e+00 -2.351123277309e+00
1.164751230489e+00 -2.351644782117e+00
1.164989266404e+00 -2.351406746202e+00
1.164482440046e+00 -2.351913572560e+00
1.165792162874e+00 -2.350603849732e+00
1.165133349455e+00 -2.351262663151e+00
1.165245004625e+00 -2.351151007981e+00
1.165398768565e+00 -2.350997244041e+00
1.164597935214e+00 -2.351798077392e+00
1.165415784245e+00 -2.350980228361e+00
1.164755193255e+00 -2.351640819351e+00
1.164829323353e+00 -2.351566689253e+00
1.164777867310e+00 -2.351618145296e+00
1.165344465061e+00 -2.351051547545e+00
1.165178007495e+00 -2.351218005112e+00
1.165236974913e+00 -2.351159037693e+00
1.165346099521e+00 -2.351049913085e+00
1.164663176508e+00 -2.351732836098e+00
1.165742884679e+00 -2.350653127927e+00
1.164862462461e+00 -2.351533550145e+00
1.164947401770e+00 -2.351448610836e+00
1.164950128594e+00 -2.351445884012e+00
1.164658312738e+00 -2.351737699869e+00
1.165228391519e+00 -2.351167621087e+00
1.165169845957e+00 -2.351226166649e+00
1.165398846618e+00 -2.350997165988e+00
1.165216873197e+00 -2.351179139409e+00
1.165666072210e+00 -2.350729940397e+00
1.164835809432e+00 -2.351560203174e+00
1.164958657350e+00 -2.351437355256e+00
1.164765708068e+00 -2.351630304538e+00
1.164666619653e+00 -2.351729392953e+00
1.164512700755e+00 -2.351883311851e+00
1.164841649042e+00 -2.351554363564e+00
1.165147918247e+00 -2.351248094359e+00
1.164489337184e+00 -2.351906675422e+00
1.165242392237e+00 -2.351153620369e+00
1.165211120543e+00 -2.351184892063e+00
1.164548456189e+00 -2.351847556417e+00
1.165062258643e+00 -2.351333753963e+00
1.165076674883e+00 -2.351319337723e+00
1.165165448124e+00 -2.351230564482e+00
1.165622661755e+00 -2.350773350851e+00
1.165128732271e+00 -2.351267280335e+00
1.165085147215e+00 -2.351310865391e+00
1.165156202970e+00 -2.351239809636e+00
1.164917032337e+00 -2.351478980269e+00
1.164877211021e+00 -2.351518801585e+00
1.164748873897e+00 -2.351647138709e+00
1.165151868446e+00 -2.351244144160e+00
1.164704042881e+00 -2.351691969725e+00
1.165334055069e+00 -2.351061957537e+00
1.164627934963e+00 -2.351768077643e+00
1.164910819872e+00 -2.351485192734e+00
1.165396742837e+00 -2.350999269769e+00
1.165024767930e+00 -2.351371244676e+00
1.164594148100e+00 -2.351801864506e+00
1.165159813802e+00 -2.351236198804e+00
1.164810676418e+00 -2.351585336188e+00
1.164909192018e+00 -2.351486820588e+00
1.164736725026e+00 -2.351659287580e+00
1.164714017877e+00 -2.351681994730e+00
1.165235810447e+00 -2.351160202159e+00
1.165089952563e+00 -2.351306060043e+00
1.164943362053e+00 -2.351452650553e+00
1.165361334100e+00 -2.351034678506e+00
1.164751723771e+00 -2.351644288835e+00
1.165204554457e+00 -2.351191458149e+00
1.165165836803e+00 -2.351230175803e+00
1.164623234863e+00 -2.351772777743e+00
1.164923789681e+00 -2.351472222925e+00
1.164561344169e+00 -2.351834668437e+00
1.165043445752e+00 -2.351352566854e+00
1.164661303860e+00 -2.351734708746e+00
1.164719151079e+00 -2.351676861528e+00
1.165129686453e+00 -2.351266326154e+00
1.164312293651e+00 -2.352083718955e+00
1.165199130970e+00 -2.351196881636e+00
1.164463700502e+00 -2.351932312104e+00
1.164597791112e+00 -2.351798221494e+00
1.164996954630e+00 -2.351399057976e+00
1.164895240599e+00 -2.351500772007e+00
1.165346401777e+00 -2.351049610829e+00
1.165132119717e+00 -2.351263892889e+00
1.165263643251e+00 -2.351132369355e+00
1.164698874668e+00 -2.351697137938e+00
1.165235383925e+00 -2.351160628681e+00
1.164999762018e+00 -2.351396250588e+00
1.165118418134e+00 -2.351277594472e+00
1.165008220371e+00 -2.351387792235e+00
1.165091997102e+00 -2.351304015504e+00
1.164677595980e+00 -2.351718416626e+00
1.164416701564e+00 -2.351979311042e+00
1.164793346952e+00 -2.351602665654e+00
1.165362098490e+00 -2.351033914116e+00
1.165395574444e+00 -2.351000438162e+00
1.165386754672e+00 -2.351009257934e+00
1.165026249982e+00 -2.351369762624e+00
1.164905141235e+00 -2.351490871371e+00
1.165152683110e+00 -2.351243329496e+00
1.164958093873e+00 -2.351437918734e+00
1.164998967452e+00 -2.351397045155e+00
1.164735216370e+00 -2.351660796237e+00
1.164654180425e+00 -2.351741832181e+00
1.164837870135e+00 -2.351558142471e+00
1.164772552391e+00 -2.351623460215e+00
1.164954848342e+00 -2.351441164264e+00
1.165108038091e+00 -2.351287974515e+00
1.165325570331e+00 -2.351070442275e+00
1.165178499509e+00 -2.351217513097e+00
1.164809443041e+00 -2.351586569566e+00
1.164589451834e+00 -2.351806560772e+00
1.165036176296e+00 -2.351359836310e+00
1.164771672682e+00 -2.351624339924e+00
1.164868452440e+00 -2.351527560166e+00
1.165096074342e+00 -2.351299938264e+00
1.164699771449e+00 -2.351696241157e+00
1.165068609404e+00 -2.351327403202e+00
1.164891699291e+00 -2.351504313315e+00
1.165299482797e+00 -2.351096529809e+00
1.164798055223e+00 -2.351597957383e+00
1.164993294077e+00 -2.351402718529e+00
1.165429300854e+00 -2.350966711752e+00
1.165157818528e+00 -2.351238194078e+00
1.165028595632e+00 -2.351367416974e+00
1.164760799856e+00 -2.351635212750e+00
1.165343440130e+00 -2.351052572476e+00
1.165212808431e+00 -2.351183204175e+00
1.165010926220e+00 -2.351385086386e+00
1.164903372142e+00 -2.351492640464e+00
1.164679717978e+00 -2.351716294629e+00
1.164820815445e+00 -2.351575197162e+00
1.164942124613e+00 -2.351453887994e+00
1.164664950267e+00 -2.351731062339e+00
1.164621626872e+00 -2.351774385734e+00
1.164946869378e+00 -2.351449143228e+00
1.164986111302e+00 -2.351409901304e+00
1.165243422105e+00 -2.351152590501e+00
1.164668129934e+00 -2.351727882672e+00
1.165169231755e+00 -2.351226780851e+00
1.164892601989e+00 -2.351503410617e+00
1.165259425243e+00 -2.351136587363e+00
1.164969929533e+00 -2.351426083073e+00
1.164504501375e+00 -2.351891511231e+00
1.164597781732e+00 -2.351798230874e+00
1.164969972046e+00 -2.351426040560e+00
1.165071493935e+00 -2.351324518671e+00
1.164722453259e+00 -2.351673559347e+00
1.165078895288e+00 -2.351317117318e+00
1.165245702644e+00 -2.351150309962e+00
1.165227870881e+00 -2.351168141725e+00
1.164607784586e+00 -2.351788228021e+00
1.165191918772e+00 -2.351204093834e+00
1.164844603165e+00 -2.351551409441e+00
1.164900058807e+00 -2.351495953799e+00
1.165113256083e+00 -2.351282756524e+00
1.164820475071e+00 -2.351575537535e+00
1.164686098683e+00 -2.351709913924e+00
1.164882698224e+00 -2.351513314382e+00
1.165410458104e+00 -2.350985554502e+00
1.164697718440e+00 -2.351698294166e+00
1.165566904955e+00 -2.350829107652e+00
1.165125919953e+00 -2.351270092653e+00
1.164387234415e+00 -2.352008778191e+00
1.165153147797e+00 -2.351242864809e+00
1.164910169295e+00 -2.351485843311e+00
1.164908531670e+00 -2.351487480937e+00
1.164801071802e+00 -2.351594940804e+00
1.165645985128e+00 -2.350750027478e+00
1.164649546424e+00 -2.351746466182e+00
1.164458270447e+00 -2.351937742159e+00
1.164890881468e+00 -2.351505131138e+00
1.164888673269e+00 -2.351507339337e+00
1.164456445089e+00 -2.351939567518e+00
1.164405300656e+00 -2.351990711950e+00
1.165220817698e+00 -2.351175194908e+00
1.164803129863e+00 -2.351592882743e+00
1.164990553574e+00 -2.351405459032e+00
1.165102394310e+00 -2.351293618297e+00
1.164099930503e+00 -2.352296082103e+00
1.164973969189e+00 -2.351422043417e+00
1.165014804416e+00 -2.351381208190e+00
1.164882350473e+00 -2.351513662133e+00
1.165359214630e+00 -2.351036797976e+00
1.164917849300e+00 -2.351478163306e+00
1.165028079511e+00 -2.351367933095e+00
1.164777389388e+00 -2.351618623218e+00
1.165264888193e+00 -2.351131124413e+00
1.165258530729e+00 -2.351137481877e+00
1.164912794626e+00 -2.351483217980e+00
1.164823047121e+00 -2.351572965485e+00
1.165053289907e+00 -2.351342722699e+00
1.165233222423e+00 -2.351162790183e+00
1.165025382579e+00 -2.351370630027e+00
1.165205380822e+00 -2.351190631785e+00
1.164816636637e+00 -2.351579375969e+00
1.164864910533e+00 -2.351531102073e+00
1.164447103994e+00 -2.351948908612e+00
1.164095595192e+00 -2.352300417414e+00
1.164969743898e+00 -2.351426268708e+00
1.165531928960e+00 -2.350864083646e+00
1.164798956922e+00 -2.351597055684e+00
1.165262075499e+00 -2.351133937107e+00
1.164911505838e+00 -2.351484506768e+00
1.165083078534e+00 -2.351312934072e+00
1.164975109536e+00 -2.351420903070e+00
1.165164232765e+00 -2.351231779841e+00
1.164421184767e+00 -2.351974827839e+00
1.164769089415e+00 -2.351626923191e+00
1.164905520904e+00 -2.351490491703e+00
1.165076449015e+00 -2.351319563592e+00
1.164736711701e+00 -2.351659300905e+00
1.165184108166e+00 -2.351211904440e+00
1.165010340683e+00 -2.351385671923e+00
1.164528481473e+00 -2.351867531134e+00
1.165540596444e+00 -2.350855416162e+00
1.165232468610e+00 -2.351163543996e+00
1.165070407152e+00 -2.351325605454e+00
1.164803087285e+00 -2.351592925322e+00
1.165176431369e+00 -2.351219581237e+00
1.165131858257e+00 -2.351264154349e+00
1.165290809897e+00 -2.351105202709e+00
1.165184405302e+00 -2.351211607304e+00
1.165335107684e+00 -2.351060904922e+00
1.164866557811e+00 -2.351529454796e+00
1.165095295344e+00 -2.351300717262e+00
1.165293454942e+00 -2.351102557664e+00
1.165211478098e+00 -2.351184534508e+00
1.165263559840e+00 -2.351132452766e+00
1.164860242309e+00 -2.351535770297e+00
1.164914920213e+00 -2.351481092393e+00
1.164705552890e+00 -2.351690459716e+00
1.165039142540e+00 -2.351356870066e+00
1.165044687984e+00 -2.351351324622e+00
1.164760539117e+00 -2.351635473489e+00
1.164653701238e+00 -2.351742311368e+00
1.164973746043e+00 -2.351422266563e+00
1.165298108465e+00 -2.351097904141e+00
1.164331469486e+00 -2.352064543120e+00
1.164956257638e+00 -2.351439754968e+00
1.164654409634e+00 -2.351741602973e+00
1.165025373457e+00 -2.351370639149e+00
1.165042688269e+00 -2.351353324337e+00
1.164342501988e+00 -2.352053510618e+00
1.164487719264e+00 -2.351908293342e+00
1.164835408317e+00 -2.351560604289e+00
1.164298004137e+00 -2.352098008470e+00
1.164791839183e+00 -2.351604173423e+00
1.165024356738e+00 -2.351371655868e+00
1.164726419828e+00 -2.351669592778e+00
1.164689818153e+00 -2.351706194453e+00
1.165154771970e+00 -2.351241240636e+00
1.165066582198e+00 -2.351329430409e+00
1.164886190057e+00 -2.351509822549e+00
1.164972791287e+00 -2.351423221319e+00
1.164964997363e+00 -2.351431015243e+00
1.164723286235e+00 -2.351672726371e+00
1.164885930135e+00 -2.351510082472e+00
1.165113383460e+00 -2.351282629146e+00
1.164894742879e+00 -2.351501269727e+00
1.164781012503e+00 -2.351615000103e+00
1.165512719426e+00 -2.350883293180e+00
1.164960760573e+00 -2.351435252033e+00
1.164954030017e+00 -2.351441982589e+00
1.165180877430e+00 -2.351215135176e+00
1.164615172232e+00 -2.351780840374e+00
1.165171299582e+00 -2.351224713024e+00
1.164845645088e+00 -2.351550367518e+00
1.164811654455e+00 -2.351584358151e+00
1.165197681768e+00 -2.351198330838e+00
1.164406388887e+00 -2.351989623720e+00
1.164510815210e+00 -2.351885197396e+00
1.164981414794e+00 -2.351414597813e+00
1.164917077604e+00 -2.351478935002e+00
1.164767412640e+00 -2.351628599966e+00
1.165248067838e+00 -2.351147944768e+00
1.165022330125e+00 -2.351373682481e+00
1.164670825867e+00 -2.351725186739e+00
1.165018136067e+00 -2.351377876539e+00
1.164585324885e+00 -2.351810687721e+00
1.165031721613e+00 -2.351364290993e+00
1.164855650325e+00 -2.351540362281e+00
1.164927583352e+00 -2.351468429254e+00
1.165371779031e+00 -2.351024233575e+00
1.164971817252e+00 -2.351424195354e+00
1.165460036394e+00 -2.350935976212e+00
1.164859068801e+00 -2.351536943805e+00
1.164650963236e+00 -2.351745049370e+00
1.164115103629e+00 -2.352280908977e+00
1.164819476253e+00 -2.351576536353e+00
1.165296170925e+00 -2.351099841681e+00
1.165355684588e+00 -2.351040328018e+00
1.165033057633e+00 -2.351362954973e+00
1.164983935456e+00 -2.351412077150e+00
1.165230736592e+00 -2.351165276015e+00
1.164536210462e+00 -2.351859802144e+00
1.164578480088e+00 -2.351817532518e+00
1.165204124390e+00 -2.351191888216e+00
1.165192857329e+00 -2.351203155277e+00
1.165440261566e+00 -2.350955751041e+00
1.165002477814e+00 -2.351393534792e+00
1.164803437521e+00 -2.351592575085e+00
1.164639041682e+00 -2.351756970924e+00
1.164866303139e+00 -2.351529709468e+00
1.164986571359e+00 -2.351409441247e+00
1.165524656644e+00 -2.350871355962e+00
1.165336612497e+00 -2.351059400110e+00
1.164416694569e+00 -2.351979318037e+00
1.164864610527e+00 -2.351531402079e+00
1.165217550866e+00 -2.351178461741e+00
1.164529016363e+00 -2.351866996244e+00
1.164785722896e+00 -2.351610289710e+00
1.165087713927e+00 -2.351308298679e+00
1.164923944954e+00 -2.351472067652e+00
1.164799242094e+00 -2.351596770512e+00
1.165220358244e+00 -2.351175654362e+00
1.164869996917e+00 -2.351526015689e+00
1.164653703743e+00 -2.351742308863e+00
1.165012072938e+00 -2.351383939668e+00
1.165021324246e+00 -2.351374688360e+00
1.164456525964e+00 -2.351939486642e+00
1.165049149381e+00 -2.351346863225e+00
1.165790612950e+00 -2.350605399656e+00
1.164650156010e+00 -2.351745856596e+00
1.165296882214e+00 -2.351099130392e+00
1.165495714934e+00 -2.350900297672e+00
1.164984495777e+00 -2.351411516829e+00
1.165091712263e+00 -2.351304300343e+00
1.164469159158e+00 -2.351926853448e+00
1.165538960163e+00 -2.350857052444e+00
1.164945514084e+00 -2.351450498523e+00
1.165036052835e+00 -2.351359959771e+00
1.164491323422e+00 -2.351904689184e+00
1.165075358560e+00 -2.351320654046e+00
1.165267679218e+00 -2.351128333388e+00
1.164888076543e+00 -2.351507936063e+00
1.165200001867e+00 -2.351196010739e+00
1.165134213781e+00 -2.351261798825e+00
1.165076983729e+00 -2.351319028877e+00
1.165127275753e+00 -2.351268736853e+00
1.165045023948e+00 -2.351350988658e+00
1.165435119684e+00 -2.350960892922e+00
1.165605756717e+00 -2.350790255889e+00
1.165324978683e+00 -2.351071033923e+00
1.164918194915e+00 -2.351477817691e+00
1.164800444576e+00 -2.351595568030e+00
1.165074237654e+00 -2.351321774952e+00
1.164940129661e+00 -2.351455882945e+00
1.164494883473e+00 -2.351901129133e+00
1.164911246202e+00 -2.351484766404e+00
1.164931328212e+00 -2.351464684394e+00
1.165056837174e+00 -2.351339175432e+00
1.165395238495e+00 -2.351000774111e+00
1.164952286059e+00 -2.351443726547e+00
1.165125012871e+00 -2.351270999736e+00
1.164950753331e+00 -2.351445259275e+00
1.164826359688e+00 -2.351569652918e+00
1.164651981183e+00 -2.351744031423e+00
1.165169433600e+00 -2.351226579006e+00
1.165125010290e+00 -2.351271002316e+00
1.165596484186e+00 -2.350799528420e+00
1.164582690790e+00 -2.351813321816e+00
1.164721118918e+00 -2.351674893688e+00
1.165128265012e+00 -2.351267747594e+00
1.165168656468e+00 -2.351227356138e+00
1.165039416948e+00 -2.351356595659e+00
1.164799158996e+00 -2.351596853610e+00
1.165027686219e+00 -2.351368326388e+00
1.165135668954e+00 -2.351260343652e+00
1.165552251765e+00 -2.350843760842e+00
1.164557395866e+00 -2.351838616740e+00
1.164443086351e+00 -2.351952926255e+00
1.164721227315e+00 -2.351674785291e+00
1.165344360510e+00 -2.351051652096e+00
1.165241003292e+00 -2.351155009314e+00
1.164948144424e+00 -2.351447868182e+00
1.165063494387e+00 -2.351332518220e+00
1.165168557599e+00 -2.351227455007e+00
1.165232828089e+00 -2.351163184517e+00
1.165048296729e+00 -2.351347715877e+00
1.165299878991e+00 -2.351096133615e+00
1.165079107819e+00 -2.351316904787e+00
1.165012408272e+00 -2.351383604334e+00
1.165470957514e+00 -2.350925055092e+00
1.165129082041e+00 -2.351266930565e+00
1.164860100410e+00 -2.351535912196e+00
1.165013201496e+00 -2.351382811110e+00
1.164578060774e+00 -2.351817951832e+00
1.164645868525e+00 -2.351750144081e+00
1.165164121164e+00 -2.351231891442e+00
1.164964078837e+00 -2.351431933769e+00
1.165005473691e+00 -2.351390538915e+00
1.165162302773e+00 -2.351233709834e+00
1.164890578631e+00 -2.351505433975e+00
1.164791823001e+00 -2.351604189606e+00
1.164882924021e+00 -2.351513088585e+00
1.164467711296e+00 -2.351928301310e+00
1.164954119690e+00 -2.351441892916e+00
1.165191510216e+00 -2.351204502390e+00
1.165163611356e+00 -2.351232401250e+00
1.165085840740e+00 -2.351310171866e+00
1.164910774095e+00 -2.351485238511e+00
1.164457327502e+00 -2.351938685104e+00
1.164244903515e+00 -2.352151109091e+00
1.164766917483e+00 -2.351629095123e+00
1.164941260849e+00 -2.351454751757e+00
1.164531959245e+00 -2.351864053361e+00
1.164806735555e+00 -2.351589277051e+00
1.165040417418e+00 -2.351355595188e+00
1.165221240709e+00 -2.351174771898e+00
1.165710959775e+00 -2.350685052831e+00
1.165066010533e+00 -2.351330002073e+00
1.165439230225e+00 -2.350956782381e+00
1.164633069516e+00 -2.351762943091e+00
1.165027658478e+00 -2.351368354128e+00
1.164897272188e+00 -2.351498740418e+00
1.165619057818e+00 -2.350776954788e+00
1.164767702051e+00 -2.351628310555e+00
1.164842461938e+00 -2.351553550669e+00
1.164972996898e+00 -2.351423015708e+00
1.164905038718e+00 -2.351490973889e+00
1.165148012028e+00 -2.351248000578e+00
1.165208202916e+00 -2.351187809690e+00
1.165166434286e+00 -2.351229578320e+00
1.164789764743e+00 -2.351606247863e+00
1.164573395722e+00 -2.351822616884e+00
1.164582433469e+00 -2.351813579137e+00
1.165174935625e+00 -2.351221076981e+00
1.164235712271e+00 -2.352160300335e+00
1.165191148596e+00 -2.351204864011e+00
1.164925292843e+00 -2.351470719763e+00
1.164992854488e+00 -2.351403158118e+00
1.164710342739e+00 -2.351685669867e+00
1.164739427508e+00 -2.351656585099e+00
1.165021127932e+00 -2.351374884674e+00
1.165346262420e+00 -2.351049750186e+00
1.164941717350e+00 -2.351454295256e+00
1.165414356796e+00 -2.350981655811e+00
1.164360445609e+00 -2.352035566997e+00
1.165096396516e+00 -2.351299616090e+00
1.164735273845e+00 -2.351660738762e+00
1.165225149918e+00 -2.351170862688e+00
1.164408929227e+00 -2.351987083379e+00
1.165159860084e+00 -2.351236152523e+00
1.165552271704e+00 -2.350843740902e+00
1.164807277717e+00 -2.351588734890e+00
1.164954389254e+00 -2.351441623352e+00
1.164798228219e+00 -2.351597784387e+00
1.164832121577e+00 -2.351563891030e+00
1.165348753533e+00 -2.351047259073e+00
1.165272806745e+00 -2.351123205861e+00
1.164788309119e+00 -2.351607703487e+00
1.165243576648e+00 -2.351152435959e+00
1.164597928616e+00 -2.351798083990e+00
1.165080722996e+00 -2.351315289610e+00
1.165113838631e+00 -2.351282173975e+00
1.164935973000e+00 -2.351460039606e+00
1.165264014653e+00 -2.351131997953e+00
1.165061030108e+00 -2.351334982498e+00
1.165256679263e+00 -2.351139333343e+00
1.165404332940e+00 -2.350991679666e+00
1.164749952121e+00 -2.351646060485e+00
1.165448619640e+00 -2.350947392966e+00
1.164816420204e+00 -2.351579592403e+00
1.164405653914e+00 -2.351990358692e+00
1.164937339453e+00 -2.351458673153e+00
1.164649468469e+00 -2.351746544137e+00
1.164960787899e+00 -2.351435224707e+00
1.164924796112e+00 -2.351471216494e+00
1.164857674543e+00 -2.351538338063e+00
1.164492536422e+00 -2.351903476184e+00
1.164731416580e+00 -2.351664596026e+00
1.164873534147e+00 -2.351522478459e+00
1.165056700433e+00 -2.351339312173e+00
1.164769020718e+00 -2.351626991888e+00
1.165060592135e+00 -2.351335420471e+00
1.164947273612e+00 -2.351448738994e+00
1.164840299033e+00 -2.351555713574e+00
1.165297330771e+00 -2.351098681835e+00
1.164989879269e+00 -2.351406133337e+00
1.164894935299e+00 -2.351501077307e+00
1.164785711750e+00 -2.351610300856e+00
1.164724040528e+00 -2.351671972078e+00
1.164740828317e+00 -2.351655184289e+00
1.164635206822e+00 -2.351760805784e+00
1.164929173996e+00 -2.351466838610e+00
1.164984151748e+00 -2.351411860858e+00
1.164460014275e+00 -2.351935998331e+00
1.165102935176e+00 -2.351293077430e+00
1.164937950820e+00 -2.351458061786e+00
1.164959863651e+00 -2.351436148955e+00
1.165141382418e+00 -2.351254630188e+00
1.164618648208e+00 -2.351777364398e+00
1.164910703635e+00 -2.351485308971e+00
1.164926373907e+00 -2.351469638700e+00
1.164509517036e+00 -2.351886495570e+00
1.164621047641e+00 -2.351774964965e+00
1.164911156394e+00 -2.351484856212e+00
1.164509591772e+00 -2.351886420834e+00
1.165678616493e+00 -2.350717396113e+00
1.164964055369e+00 -2.351431957237e+00
1.165352584536e+00 -2.351043428070e+00
1.165136816297e+00 -2.351259196309e+00
1.164664784201e+00 -2.351731228405e+00
1.165311577922e+00 -2.351084434684e+00
1.164685632116e+00 -2.351710380490e+00
1.165295670216e+00 -2.351100342390e+00
1.165316792700e+00 -2.351079219906e+00
1.164626283096e+00 -2.351769729510e+00
1.164979355500e+00 -2.351416657106e+00
1.165156496285e+00 -2.351239516321e+00
1.165381232245e+00 -2.351014780361e+00
1.165017994674e+00 -2.351378017932e+00
1.164924184484e+00 -2.351471828122e+00
1.164994910320e+00 -2.351401102287e+00
1.164504542106e+00 -2.351891470501e+00
1.165558457734e+00 -2.350837554872e+00
1.164523304718e+00 -2.351872707888e+00
1.165229266577e+00 -2.351166746029e+00
1.164420541436e+00 -2.351975471170e+00
1.164897815505e+00 -2.351498197101e+00
1.165040388062e+00 -2.351355624544e+00
1.165220794004e+00 -2.351175218603e+00
1.164979302269e+00 -2.351416710337e+00
1.165062326222e+00 -2.351333686384e+00
1.165056870633e+00 -2.351339141973e+00
1.164743047205e+00 -2.351652965401e+00
1.165049728883e+00 -2.351346283723e+00
1.165369020561e+00 -2.351026992046e+00
1.164688599896e+00 -2.351707412710e+00
1.165046951974e+00 -2.351349060632e+00
1.164800808355e+00 -2.351595204252e+00
1.165285316350e+00 -2.351110696256e+00
1.165097127410e+00 -2.351298885197e+00
1.165204414593e+00 -2.351191598013e+00
1.165137769467e+00 -2.351258243139e+00
1.164996082838e+00 -2.351399929768e+00
1.164651420257e+00 -2.351744592349e+00
1.165339300547e+00 -2.351056712059e+00
1.164946555751e+00 -2.351449456855e+00
1.165257544529e+00 -2.351138468077e+00
1.164958436773e+00 -2.351437575833e+00
1.164850780610e+00 -2.351545231996e+00
1.165201123039e+00 -2.351194889567e+00
1.164431047086e+00 -2.351964965520e+00
1.165047946552e+00 -2.351348066054e+00
1.164878646290e+00 -2.351517366316e+00
1.164863197136e+00 -2.351532815470e+00
1.164808516795e+00 -2.351587495811e+00
1.164814779175e+00 -2.351581233432e+00
1.165144524736e+00 -2.351251487870e+00
1.165108074187e+00 -2.351287938419e+00
1.164916195567e+00 -2.351479817039e+00
1.165164846951e+00 -2.351231165655e+00
1.165075480084e+00 -2.351320532522e+00
1.165444363724e+00 -2.350951648883e+00
1.164814846027e+00 -2.351581166579e+00
1.164905093057e+00 -2.351490919549e+00
1.164614222991e+00 -2.351781789615e+00
1.165020972389e+00 -2.351375040217e+00
1.164724168165e+00 -2.351671844441e+00
1.164628670097e+00 -2.351767342510e+00
1.165154328491e+00 -2.351241684115e+00
1.165094233778e+00 -2.351301778828e+00
1.165524620356e+00 -2.350871392250e+00
1.164886299962e+00 -2.351509712645e+00
1.164382122665e+00 -2.352013889941e+00
1.164892500271e+00 -2.351503512335e+00
1.164762000804e+00 -2.351634011802e+00
1.165511826645e+00 -2.350884185961e+00
1.164930861343e+00 -2.351465151263e+00
1.164473210365e+00 -2.351922802241e+00
1.164556524790e+00 -2.351839487816e+00
1.165311814215e+00 -2.351084198391e+00
1.165306312301e+00 -2.351089700305e+00
1.165212247886e+00 -2.351183764721e+00
1.165024070652e+00 -2.351371941954e+00
1.165040857212e+00 -2.351355155394e+00
1.164789922991e+00 -2.351606089615e+00
1.165291855263e+00 -2.351104157344e+00
1.165685873534e+00 -2.350710139072e+00
1.164829680204e+00 -2.351566332402e+00
1.165063161455e+00 -2.351332851151e+00
1.165144405298e+00 -2.351251607308e+00
1.164801540638e+00 -2.351594471968e+00
1.165200369275e+00 -2.351195643331e+00
1.164868752327e+00 -2.351527260280e+00
1.164719382772e+00 -2.351676629834e+00
1.164995177994e+00 -2.351400834612e+00
1.165313166368e+00 -2.351082846238e+00
1.164879020705e+00 -2.351516991901e+00
1.164787819443e+00 -2.351608193163e+00
1.165264770943e+00 -2.351131241664e+00
1.165162687812e+00 -2.351233324794e+00
1.165277377213e+00 -2.351118635393e+00
1.164849871530e+00 -2.351546141076e+00
1.164780352508e+00 -2.351615660098e+00
1.165264646124e+00 -2.351131366482e+00
1.165176732861e+00 -2.351219279745e+00
1.165079158574e+00 -2.351316854032e+00
1.165045421760e+00 -2.351350590846e+00
1.164666222475e+00 -2.351729790131e+00
1.164866002351e+00 -2.351530010255e+00
1.165129745574e+00 -2.351266267032e+00
1.165021832891e+00 -2.351374179715e+00
1.164868616051e+00 -2.351527396555e+00
1.165008505782e+00 -2.351387506824e+00
1.164323355625e+00 -2.352072656981e+00
1.164444118645e+00 -2.351951893961e+00
1.164801013193e+00 -2.351594999413e+00
1.164870735151e+00 -2.351525277455e+00
1.164645898575e+00 -2.351750114031e+00
1.164653218531e+00 -2.351742794075e+00
1.165025907056e+00 -2.351370105551e+00
1.165057819191e+00 -2.351338193415e+00
1.164896412422e+00 -2.351499600184e+00
1.165041650528e+00 -2.351354362078e+00
1.164937145949e+00 -2.351458866657e+00
1.165300045150e+00 -2.351095967456e+00
1.164895526161e+00 -2.351500486445e+00
1.165387126400e+00 -2.351008886206e+00
1.165074467094e+00 -2.351321545512e+00
1.164944029849e+00 -2.351451982757e+00
1.165175198302e+00 -2.351220814304e+00
1.164772585956e+00 -2.351623426650e+00
1.165513734720e+00 -2.350882277886e+00
1.164952492141e+00 -2.351443520465e+00
1.165164041811e+00 -2.351231970795e+00
1.164702938356e+00 -2.351693074250e+00
1.165136056795e+00 -2.351259955811e+00
1.164517666856e+00 -2.351878345750e+00
1.164969519178e+00 -2.351426493428e+00
1.165247853384e+00 -2.351148159223e+00
1.165521322429e+00 -2.350874690177e+00
1.165138730359e+00 -2.351257282247e+00
1.164243489098e+00 -2.352152523508e+00
1.165212074725e+00 -2.351183937882e+00
1.164785064763e+00 -2.351610947843e+00
1.164929818931e+00 -2.351466193675e+00
1.164696752413e+00 -2.351699260193e+00
1.164789303386e+00 -2.351606709220e+00
1.164989853135e+00 -2.351406159471e+00
1.164693921780e+00 -2.351702090826e+00
1.164739472687e+00 -2.351656539919e+00
1.164726523801e+00 -2.351669488805e+00
1.164875722482e+00 -2.351520290124e+00
1.165038027463e+00 -2.351357985143e+00
1.165284292339e+00 -2.351111720267e+00
1.165298270911e+00 -2.351097741695e+00
1.165022429543e+00 -2.351373583063e+00
1.164829426284e+00 -2.351566586322e+00
1.165607392538e+00 -2.350788620069e+00
1.164845209617e+00 -2.351550802989e+00
1.164999360568e+00 -2.351396652038e+00
1.164894581777e+00 -2.351501430829e+00
1.165400685906e+00 -2.350995326700e+00
1.165134842348e+00 -2.351261170258e+00
1.165264307995e+00 -2.351131704612e+00
1.164481587571e+00 -2.351914425035e+00
1.164645785990e+00 -2.351750226616e+00
1.164539750666e+00 -2.351856261940e+00
1.165817216095e+00 -2.350578796511e+00
1.165198009917e+00 -2.351198002689e+00
1.164288293475e+00 -2.352107719131e+00
1.165397355793e+00 -2.350998656813e+00
1.164912741197e+00 -2.351483271409e+00
1.164838169150e+00 -2.351557843456e+00
1.165473221260e+00 -2.350922791346e+00
1.165142402165e+00 -2.351253610441e+00
1.164854572145e+00 -2.351541440461e+00
1.164796235914e+00 -2.351599776692e+00
1.164971871637e+00 -2.351424140969e+00
1.165220991492e+00 -2.351175021115e+00
1.164610852694e+00 -2.351785159913e+00
1.165172246626e+00 -2.351223765980e+00
1.164722271905e+00 -2.351673740702e+00
1.165055199236e+00 -2.351340813370e+00
1.164881428442e+00 -2.351514584164e+00
1.164585553705e+00 -2.351810458901e+00
1.164885070153e+00 -2.351510942454e+00
1.165115461339e+00 -2.351280551267e+00
1.164614424240e+00 -2.351781588366e+00
1.164982599261e+00 -2.351413413345e+00
1.164707669656e+00 -2.351688342950e+00
1.164851655965e+00 -2.351544356641e+00
1.165091435007e+00 -2.351304577599e+00
1.164697284030e+00 -2.351698728576e+00
1.164820099331e+00 -2.351575913275e+00
1.165198071328e+00 -2.351197941278e+00
1.165095863529e+00 -2.351300149077e+00
1.164881002083e+00 -2.351515010523e+00
1.164591452327e+00 -2.351804560279e+00
1.164671316572e+00 -2.351724696034e+00
1.165495074972e+00 -2.350900937634e+00
1.165468082770e+00 -2.350927929836e+00
1.165099747099e+00 -2.351296265507e+00
1.165005442213e+00 -2.351390570394e+00
1.165407624132e+00 -2.350988388474e+00
1.165116655737e+00 -2.351279356869e+00
1.164467590636e+00 -2.351928421970e+00
1.164754605893e+00 -2.351641406713e+00
1.164858439826e+00 -2.351537572780e+00
1.164518405785e+00 -2.351877606821e+00
1.164654267913e+00 -2.351741744693e+00
1.164780142905e+00 -2.351615869702e+00
1.164522261222e+00 -2.351873751384e+00
1.164779981780e+00 -2.351616030827e+00
1.165160427475e+00 -2.351235585131e+00
1.164917000612e+00 -2.351479011994e+00
1.164294503895e+00 -2.352101508711e+00
1.165626752757e+00 -2.350769259849e+00
1.165054754729e+00 -2.351341257877e+00
1.165119851545e+00 -2.351276161061e+00
1.164797430571e+00 -2.351598582035e+00
1.165610575521e+00 -2.350785437086e+00
1.164461959996e+00 -2.351934052610e+00
1.164830573964e+00 -2.351565438642e+00
1.164241930222e+00 -2.352154082384e+00
1.164575219448e+00 -2.351820793158e+00
1.164987483747e+00 -2.351408528860e+00
1.164608619987e+00 -2.351787392619e+00
1.164899031194e+00 -2.351496981413e+00
1.165269115975e+00 -2.351126896631e+00
1.165272312270e+00 -2.351123700336e+00
1.165295879987e+00 -2.351100132619e+00
1.165114069568e+00 -2.351281943038e+00
1.165283392399e+00 -2.351112620207e+00
1.164548874313e+00 -2.351847138293e+00
1.164892463459e+00 -2.351503549147e+00
1.164699289134e+00 -2.351696723472e+00
1.165306597061e+00 -2.351089415545e+00
1.164928076212e+00 -2.351467936394e+00
1.165264436894e+00 -2.351131575712e+00
1.165701318144e+00 -2.350694694462e+00
1.164485144453e+00 -2.351910868153e+00
1.164840896132e+00 -2.351555116474e+00
1.165003644291e+00 -2.351392368315e+00
1.164395862356e+00 -2.352000150250e+00
1.165521324307e+00 -2.350874688299e+00
1.164497647252e+00 -2.351898365354e+00
1.164894089622e+00 -2.351501922984e+00
1.164862754948e+00 -2.351533257658e+00
1.165049947246e+00 -2.351346065361e+00
1.164739793115e+00 -2.351656219491e+00
1.164871874372e+00 -2.351524138235e+00
1.165245124970e+00 -2.351150887636e+00
1.164746423667e+00 -2.351649588939e+00
1.164686600768e+00 -2.351709411839e+00
1.164959152674e+00 -2.351436859932e+00
1.165472061007e+00 -2.350923951599e+00
1.164747449321e+00 -2.351648563285e+00
1.164834887516e+00 -2.351561125091e+00
1.164380044444e+00 -2.352015968163e+00
1.164286184759e+00 -2.352109827847e+00
1.164528877797e+00 -2.351867134809e+00
1.165129826253e+00 -2.351266186354e+00
1.164686955670e+00 -2.351709056936e+00
1.165002937495e+00 -2.351393075111e+00
1.164846510175e+00 -2.351549502431e+00
1.164918806266e+00 -2.351477206340e+00
1.165062861106e+00 -2.351333151500e+00
1.164712400540e+00 -2.351683612066e+00
1.164430558508e+00 -2.351965454098e+00
1.164602923739e+00 -2.351793088868e+00
1.165215412460e+00 -2.351180600147e+00
1.164740550692e+00 -2.351655461914e+00
1.165486755585e+00 -2.350909257021e+00
1.164849272609e+00 -2.351546739997e+00
1.165092056954e+00 -2.351303955652e+00
1.164474653967e+00 -2.351921358640e+00
1.165282987073e+00 -2.351113025533e+00
1.164995577269e+00 -2.351400435337e+00
1.165699012011e+00 -2.350697000595e+00
1.164721712209e+00 -2.351674300397e+00
1.165042478519e+00 -2.351353534087e+00
1.164539609275e+00 -2.351856403331e+00
1.165208893593e+00 -2.351187119013e+00
1.164871271914e+00 -2.351524740692e+00
1.165331554806e+00 -2.351064457800e+00
1.165284109174e+00 -2.351111903432e+00
1.165032242646e+00 -2.351363769960e+00
1.164747092500e+00 -2.351648920106e+00
1.164788830124e+00 -2.351607182482e+00
1.165175814180e+00 -2.351220198426e+00
1.165141111530e+00 -2.351254901076e+00
1.165293510834e+00 -2.351102501772e+00
1.165283969393e+00 -2.351112043213e+00
1.164825266695e+00 -2.351570745911e+00
1.165074136940e+00 -2.351321875666e+00
1.164916676403e+00 -2.351479336203e+00
1.165222371544e+00 -2.351173641062e+00
1.164554238934e+00 -2.351841773672e+00
1.165274263534e+00 -2.351121749072e+00
1.164939630410e+00 -2.351456382196e+00
1.164760657997e+00 -2.351635354609e+00
1.165232780972e+00 -2.351163231634e+00
1.165013218312e+00 -2.351382794294e+00
1.164849249891e+00 -2.351546762715e+00
1.164552927023e+00 -2.351843085583e+00
1.164755776794e+00 -2.351640235812e+00
1.165048705394e+00 -2.351347307212e+00
1.164785621803e+00 -2.351610390803e+00
1.164860858266e+00 -2.351535154340e+00
1.164817500394e+00 -2.351578512212e+00
1.165346443527e+00 -2.351049569079e+00
1.165456072006e+00 -2.350939940600e+00
1.164735763845e+00 -2.351660248761e+00
1.165271172597e+00 -2.351124840009e+00
1.165026977450e+00 -2.351369035156e+00
1.164926332511e+00 -2.351469680095e+00
1.165164265518e+00 -2.351231747088e+00
1.164779339704e+00 -2.351616672902e+00
1.164878931020e+00 -2.351517081586e+00
1.165155503195e+00 -2.351240509411e+00
1.165158330992e+00 -2.351237681614e+00
1.164637892938e+00 -2.351758119668e+00
1.165027061559e+00 -2.351368951047e+00
1.164687799719e+00 -2.351708212887e+00
1.165335152488e+00 -2.351060860118e+00
1.164674596123e+00 -2.351721416483e+00
1.165013661155e+00 -2.351382351452e+00
1.164807142579e+00 -2.351588870027e+00
1.165060886872e+00 -2.351335125734e+00
1.165078566047e+00 -2.351317446559e+00
1.164654927399e+00 -2.351741085207e+00
1.165299418204e+00 -2.351096594402e+00
1.164494465307e+00 -2.351901547299e+00
1.164697500791e+00 -2.351698511815e+00
1.165228776454e+00 -2.351167236152e+00
1.165171239920e+00 -2.351224772686e+00
1.165162636614e+00 -2.351233375992e+00
1.165261846678e+00 -2.351134165928e+00
1.165011605498e+00 -2.351384407108e+00
1.165186156447e+00 -2.351209856159e+00
1.164957209956e+00 -2.351438802650e+00
1.165008645342e+00 -2.351387367264e+00
1.165123482339e+00 -2.351272530267e+00
1.164511174493e+00 -2.351884838114e+00
1.164818014091e+00 -2.351577998515e+00
1.165329207182e+00 -2.351066805424e+00
1.164906338221e+00 -2.351489674385e+00
1.165251521474e+00 -2.351144491132e+00
1.165232279973e+00 -2.351163732633e+00
1.165385115288e+00 -2.351010897318e+00
1.165067717208e+00 -2.351328295398e+00
1.164977017056e+00 -2.351418995551e+00
1.164728026703e+00 -2.351667985904e+00
1.164883244026e+00 -2.351512768580e+00
1.165309802150e+00 -2.351086210456e+00
1.165391501435e+00 -2.351004511171e+00
1.165108205197e+00 -2.351287807410e+00
1.164915085763e+00 -2.351480926843e+00
1.164779329864e+00 -2.351616682742e+00
1.164809507261e+00 -2.351586505345e+00
1.164712970875e+00 -2.351683041731e+00
1.164325513513e+00 -2.352070499093e+00
1.164768937855e+00 -2.351627074751e+00
1.164943104441e+00 -2.351452908165e+00
1.165262303529e+00 -2.351133709077e+00
1.164847929743e+00 -2.351548082863e+00
1.164875211693e+00 -2.351520800913e+00
1.164937951982e+00 -2.351458060624e+00
1.165183912288e+00 -2.351212100318e+00
1.165018701031e+00 -2.351377311575e+00
1.165844728650e+00 -2.350551283957e+00
1.165100731471e+00 -2.351295281135e+00
1.164776403640e+00 -2.351619608966e+00
1.165138935263e+00 -2.351257077343e+00
1.164284213335e+00 -2.352111799271e+00
1.164820066054e+00 -2.351575946552e+00
1.164817149726e+00 -2.351578862880e+00
1.164899897421e+00 -2.351496115185e+00
1.164237951883e+00 -2.352158060723e+00
1.164777276298e+00 -2.351618736308e+00
1.164731950508e+00 -2.351664062098e+00
1.165170807700e+00 -2.351225204907e+00
1.164717883490e+00 -2.351678129116e+00
1.164712915102e+00 -2.351683097504e+00
1.164946173567e+00 -2.351449839039e+00
1.165317075029e+00 -2.351078937577e+00
1.165189082008e+00 -2.351206930598e+00
1.164762156353e+00 -2.351633856253e+00
1.165384544875e+00 -2.351011467731e+00
1.165037341511e+00 -2.351358671095e+00
1.164852649101e+00 -2.351543363505e+00
1.165193410261e+00 -2.351202602345e+00
1.164868540252e+00 -2.351527472354e+00
1.165329297898e+00 -2.351066714708e+00
1.164652136911e+00 -2.351743875696e+00
1.165064478584e+00 -2.351331534022e+00
1.165561038651e+00 -2.350834973955e+00
1.164997569176e+00 -2.351398443430e+00
1.164556842260e+00 -2.351839170346e+00
1.165329222145e+00 -2.351066790461e+00
1.164869725017e+00 -2.351526287589e+00
1.164654699499e+00 -2.351741313107e+00
1.164365583776e+00 -2.352030428830e+00
1.164922538253e+00 -2.351473474353e+00
1.164923611126e+00 -2.351472401480e+00
1.165046181858e+00 -2.351349830748e+00
1.165011915653e+00 -2.351384096953e+00
1.165351855971e+00 -2.351044156635e+00
1.164970130007e+00 -2.351425882599e+00
1.164811044586e+00 -2.351584968020e+00
1.164528179726e+00 -2.351867832880e+00
1.165128652661e+00 -2.351267359946e+00
1.164798870174e+00 -2.351597142432e+00
1.164989143329e+00 -2.351406869277e+00
1.164768684443e+00 -2.351627328163e+00
1.164853791357e+00 -2.351542221249e+00
1.164699065774e+00 -2.351696946832e+00
1.165014129896e+00 -2.351381882710e+00
1.164491395091e+00 -2.351904617516e+00
1.164554498391e+00 -2.351841514215e+00
1.164747773467e+00 -2.351648239139e+00
1.164504063164e+00 -2.351891949443e+00
1.164927127680e+00 -2.351468884926e+00
1.164558461552e+00 -2.351837551054e+00
1.165047285369e+00 -2.351348727237e+00
1.165542728478e+00 -2.350853284128e+00
1.164864713125e+00 -2.351531299481e+00
1.164785782341e+00 -2.351610230265e+00
1.164772855465e+00 -2.351623157141e+00
1.164753257334e+00 -2.351642755272e+00
1.164673892063e+00 -2.351722120543e+00
1.164894999000e+00 -2.351501013606e+00
1.164733649385e+00 -2.351662363221e+00
1.164396086225e+00 -2.351999926381e+00
1.165202355938e+00 -2.351193656668e+00
1.165064208014e+00 -2.351331804593e+00
1.164887414754e+00 -2.351508597852e+00
1.164586938461e+00 -2.351809074145e+00
1.164674773785e+00 -2.351721238821e+00
1.164894880997e+00 -2.351501131609e+00
1.165057435841e+00 -2.351338576765e+00
1.164770949183e+00 -2.351625063423e+00
1.164693603942e+00 -2.351702408664e+00
1.164992820258e+00 -2.351403192348e+00
1.164898008694e+00 -2.351498003912e+00
1.164673381434e+00 -2.351722631172e+00
1.165152014184e+00 -2.351243998422e+00
1.165526340737e+00 -2.350869671869e+00
1.165472612909e+00 -2.350923399697e+00
1.164884787174e+00 -2.351511225432e+00
1.164941267267e+00 -2.351454745339e+00
1.164890511924e+00 -2.351505500682e+00
1.165126594643e+00 -2.351269417963e+00
1.165022652841e+00 -2.351373359765e+00
1.164762514235e+00 -2.351633498371e+00
1.165157061285e+00 -2.351238951321e+00
1.164793191389e+00 -2.351602821217e+00
1.165591671174e+00 -2.350804341432e+00
1.164425976018e+00 -2.351970036588e+00
1.164748536334e+00 -2.351647476273e+00
1.165198292282e+00 -2.351197720324e+00
1.164328346477e+00 -2.352067666129e+00
1.164883892938e+00 -2.351512119669e+00
1.164701865719e+00 -2.351694146887e+00
1.164535399539e+00 -2.351860613067e+00
1.165160158720e+00 -2.351235853886e+00
1.164348066269e+00 -2.352047946337e+00
1.164650710156e+00 -2.351745302451e+00
1.164878897795e+00 -2.351517114811e+00
1.164774474015e+00 -2.351621538591e+00
1.164815152210e+00 -2.351580860397e+00
1.165512321012e+00 -2.350883691594e+00
1.165122266681e+00 -2.351273745925e+00
1.164435371602e+00 -2.351960641004e+00
1.164808627517e+00 -2.351587385089e+00
1.164753780818e+00 -2.351642231788e+00
1.165543590600e+00 -2.350852422006e+00
1.164627336248e+00 -2.351768676358e+00
1.164617203062e+00 -2.351778809544e+00
1.164555819008e+00 -2.351840193598e+00
1.165446088831e+00 -2.350949923775e+00
1.164965658837e+00 -2.351430353770e+00
1.164659955602e+00 -2.351736057004e+00
1.165092800447e+00 -2.351303212159e+00
1.165076181551e+00 -2.351319831055e+00
1.165064538190e+00 -2.351331474416e+00
1.164530555300e+00 -2.351865457306e+00
1.165308472825e+00 -2.351087539781e+00
1.165116968065e+00 -2.351279044541e+00
1.165362174443e+00 -2.351033838163e+00
1.164599294913e+00 -2.351796717693e+00
1.165308622441e+00 -2.351087390165e+00
1.165203128497e+00 -2.351192884109e+00
1.165545417691e+00 -2.350850594915e+00
1.164228056144e+00 -2.352167956462e+00
1.164966252452e+00 -2.351429760154e+00
1.164913948731e+00 -2.351482063875e+00
1.164332622062e+00 -2.352063390544e+00
1.164935552569e+00 -2.351460460037e+00
1.165448267694e+00 -2.350947744912e+00
1.164896965803e+00 -2.351499046803e+00
1.165328992024e+00 -2.351067020583e+00
1.164800286731e+00 -2.351595725875e+00
1.165122963255e+00 -2.351273049351e+00
1.164907955853e+00 -2.351488056753e+00
1.164671061740e+00 -2.351724950866e+00
1.164915206440e+00 -2.351480806167e+00
1.164641087916e+00 -2.351754924690e+00
1.164892140229e+00 -2.351503872377e+00
1.164918697163e+00 -2.351477315443e+00
1.164851537075e+00 -2.351544475531e+00
1.164920421442e+00 -2.351475591164e+00
1.165065914645e+00 -2.351330097961e+00
1.165729442215e+00 -2.350666570391e+00
1.164465157039e+00 -2.351930855567e+00
1.164577743511e+00 -2.351818269095e+00
1.164449833783e+00 -2.351946178823e+00
1.164848854332e+00 -2.351547158274e+00
1.164967739001e+00 -2.351428273605e+00
1.165057209200e+00 -2.351338803406e+00
1.164776197426e+00 -2.351619815181e+00
1.164720747769e+00 -2.351675264837e+00
1.165095412881e+00 -2.351300599725e+00
1.165200442248e+00 -2.351195570358e+00
1.165014542399e+00 -2.351381470207e+00
1.164722641388e+00 -2.351673371218e+00
1.165036773188e+00 -2.351359239418e+00
1.164828465567e+00 -2.351567547039e+00
1.165014372054e+00 -2.351381640552e+00
1.165179654814e+00 -2.351216357792e+00
1.164842142175e+00 -2.351553870431e+00
1.165503546762e+00 -2.350892465844e+00
1.164632071966e+00 -2.351763940640e+00
1.164809594134e+00 -2.351586418472e+00
1.164629619293e+00 -2.351766393313e+00
1.165256085912e+00 -2.351139926694e+00
1.164875679106e+00 -2.351520333501e+00
1.164404356128e+00 -2.351991656478e+00
1.165391638806e+00 -2.351004373801e+00
1.164369729831e+00 -2.352026282775e+00
1.165121453339e+00 -2.351274559267e+00
1.165252323830e+00 -2.351143688776e+00
1.164972069409e+00 -2.351423943197e+00
1.165001480381e+00 -2.351394532225e+00
1.165051940176e+00 -2.351344072430e+00
1.164718247214e+00 -2.351677765392e+00
1.164771514822e+00 -2.351624497784e+00
1.165089662843e+00 -2.351306349763e+00
1.164368088876e+00 -2.352027923730e+00
1.164215710260e+00 -2.352180302346e+00
1.164833492225e+00 -2.351562520382e+00
1.165084577974e+00 -2.351311434632e+00
1.164819231775e+00 -2.351576780832e+00
1.165191871197e+00 -2.351204141409e+00
1.165179751721e+00 -2.351216260885e+00
1.164332869846e+00 -2.352063142760e+00
1.165400391160e+00 -2.350995621446e+00
1.165126646356e+00 -2.351269366250e+00
1.164738959632e+00 -2.351657052974e+00
1.164920710477e+00 -2.351475302129e+00
1.165138750612e+00 -2.351257261994e+00
1.165328904594e+00 -2.351067108012e+00
1.164647436290e+00 -2.351748576316e+00
1.164706465615e+00 -2.351689546992e+00
1.164992621711e+00 -2.351403390895e+00
1.164420746669e+00 -2.351975265937e+00
1.164932961679e+00 -2.351463050927e+00
1.165274885639e+00 -2.351121126967e+00
1.165027833313e+00 -2.351368179293e+00
1.164894966534e+00 -2.351501046072e+00
1.164949428789e+00 -2.351446583817e+00
1.165431562453e+00 -2.350964450153e+00
1.164942176437e+00 -2.351453836169e+00
1.164594755919e+00 -2.351801256687e+00
1.164770297566e+00 -2.351625715040e+00
1.165243705121e+00 -2.351152307485e+00
1.165066992472e+00 -2.351329020134e+00
1.164797655464e+00 -2.351598357142e+00
1.165176232145e+00 -2.351219780461e+00
1.164529609025e+00 -2.351866403581e+00
1.165344728599e+00 -2.351051284007e+00
1.165144532131e+00 -2.351251480475e+00
1.165061805106e+00 -2.351334207501e+00
1.165310689692e+00 -2.351085322914e+00
1.165602310028e+00 -2.350793702578e+00
1.165339940552e+00 -2.351056072054e+00
1.164542327671e+00 -2.351853684935e+00
1.164794801799e+00 -2.351601210807e+00
1.165092563000e+00 -2.351303449606e+00
1.165305101671e+00 -2.351090910935e+00
1.165342004477e+00 -2.351054008129e+00
1.164665498826e+00 -2.351730513780e+00
1.164723799707e+00 -2.351672212899e+00
1.164903639006e+00 -2.351492373600e+00
1.164954545811e+00 -2.351441466795e+00
1.165230308792e+00 -2.351165703814e+00
1.165215579227e+00 -2.351180433379e+00
1.164944586680e+00 -2.351451425926e+00
1.164639238617e+00 -2.351756773990e+00
1.164848509834e+00 -2.351547502772e+00
1.164470078956e+00 -2.351925933650e+00
1.164791946655e+00 -2.351604065951e+00
1.164785002575e+00 -2.351611010031e+00
1.164739915049e+00 -2.351656097557e+00
1.164675644838e+00 -2.351720367768e+00
1.164741249811e+00 -2.351654762796e+00
1.164771814574e+00 -2.351624198032e+00
1.164410909888e+00 -2.351985102719e+00
1.165295787427e+00 -2.351100225179e+00
1.164584833484e+00 -2.351811179122e+00
1.164757020401e+00 -2.351638992205e+00
1.164683356156e+00 -2.351712656450e+00
1.164920904987e+00 -2.351475107619e+00
1.165384995488e+00 -2.351011017118e+00
1.164992826922e+00 -2.351403185684e+00
1.165104801322e+00 -2.351291211284e+00
1.164805810839e+00 -2.351590201767e+00
1.164959839285e+00 -2.351436173321e+00
1.164722787338e+00 -2.351673225268e+00
1.165068495329e+00 -2.351327517277e+00
1.164924715158e+00 -2.351471297448e+00
1.165139010458e+00 -2.351257002148e+00
1.164685530786e+00 -2.351710481820e+00
1.164683148004e+00 -2.351712864602e+00
1.165384329233e+00 -2.351011683373e+00
1.165342722181e+00 -2.351053290425e+00
1.165057863682e+00 -2.351338148924e+00
1.164886333206e+00 -2.351509679400e+00
1.164919576767e+00 -2.351476435839e+00
1.165149395006e+00 -2.351246617600e+00
1.164532098573e+00 -2.351863914033e+00
1.164752751607e+00 -2.351643261000e+00
1.165681955167e+00 -2.350714057439e+00
1.165637664352e+00 -2.350758348254e+00
1.165487670397e+00 -2.350908342209e+00
1.165062962767e+00 -2.351333049839e+00
1.165508389535e+00 -2.350887623071e+00
1.165259593771e+00 -2.351136418835e+00
1.164866543744e+00 -2.351529468862e+00
1.165021484719e+00 -2.351374527887e+00
1.164806626204e+00 -2.351589386402e+00
1.164644743930e+00 -2.351751268676e+00
1.165037707253e+00 -2.351358305353e+00
1.164961856967e+00 -2.351434155639e+00
1.165097340622e+00 -2.351298671985e+00
1.165209185417e+00 -2.351186827189e+00
1.165041721840e+00 -2.351354290766e+00
1.164910355692e+00 -2.351485656914e+00
1.165035559230e+00 -2.351360453376e+00
1.164949023112e+00 -2.351446989494e+00
1.164581123167e+00 -2.351814889439e+00
1.165038308345e+00 -2.351357704262e+00
1.164350240899e+00 -2.352045771707e+00
1.164663990760e+00 -2.351732021846e+00
1.165415876142e+00 -2.350980136465e+00
1.165363012495e+00 -2.351033000111e+00
1.164845737153e+00 -2.351550275453e+00
1.164620401112e+00 -2.351775611495e+00
1.164564688349e+00 -2.351831324257e+00
1.164792950633e+00 -2.351603061973e+00
1.165133834877e+00 -2.351262177729e+00
1.165246642498e+00 -2.351149370108e+00
1.165753858141e+00 -2.350642154465e+00
1.164857138135e+00 -2.351538874472e+00
1.164747381113e+00 -2.351648631493e+00
1.164799736468e+00 -2.351596276138e+00
1.164959799035e+00 -2.351436213571e+00
1.164832036180e+00 -2.351563976426e+00
1.164645498469e+00 -2.351750514137e+00
1.164881729133e+00 -2.351514283473e+00
1.164784733979e+00 -2.351611278627e+00
1.164844246372e+00 -2.351551766234e+00
1.164953457776e+00 -2.351442554830e+00
1.165375887619e+00 -2.351020124987e+00
1.165453567901e+00 -2.350942444705e+00
1.164833007745e+00 -2.351563004861e+00
1.165252014616e+00 -2.351143997990e+00
1.164758083499e+00 -2.351637929107e+00
1.165017579969e+00 -2.351378432637e+00
1.164221922159e+00 -2.352174090448e+00
1.164715114574e+00 -2.351680898032e+00
1.165108952371e+00 -2.351287060235e+00
1.165254891105e+00 -2.351141121501e+00
1.165315293610e+00 -2.351080718996e+00
1.165020431667e+00 -2.351375580939e+00
1.165288040048e+00 -2.351107972558e+00
1.165318595554e+00 -2.351077417052e+00
1.164764804063e+00 -2.351631208543e+00
1.164369764510e+00 -2.352026248096e+00
1.164911150296e+00 -2.351484862310e+00
1.165264327878e+00 -2.351131684728e+00
1.165088748932e+00 -2.351307263674e+00
1.165253824028e+00 -2.351142188578e+00
1.164772293641e+00 -2.351623718965e+00
1.164750590025e+00 -2.351645422581e+00
1.164827313689e+00 -2.351568698917e+00
1.165246113832e+00 -2.351149898774e+00
1.164524863977e+00 -2.351871148629e+00
1.164830798251e+00 -2.351565214355e+00
1.164816276205e+00 -2.351579736401e+00
1.164791644593e+00 -2.351604368013e+00
1.165442289323e+00 -2.350953723283e+00
1.165171815329e+00 -2.351224197277e+00
1.164830489706e+00 -2.351565522900e+00
1.164588690093e+00 -2.351807322513e+00
1.165070528696e+00 -2.351325483910e+00
1.164775969240e+00 -2.351620043367e+00
1.164877062909e+00 -2.351518949697e+00
1.165073065987e+00 -2.351322946619e+00
1.165058359135e+00 -2.351337653471e+00
1.165141783952e+00 -2.351254228654e+00
1.165264194041e+00 -2.351131818565e+00
1.165058797229e+00 -2.351337215377e+00
1.164699373957e+00 -2.351696638649e+00
1.165092611001e+00 -2.351303401605e+00
1.164775431199e+00 -2.351620581407e+00
1.165143531711e+00 -2.351252480895e+00
1.165031174082e+00 -2.351364838524e+00
1.164761250551e+00 -2.351634762055e+00
1.164924479712e+00 -2.351471532894e+00
1.164976279302e+00 -2.351419733304e+00
1.165080057106e+00 -2.351315955500e+00
1.165244770317e+00 -2.351151242289e+00
1.165677442942e+00 -2.350718569664e+00
1.165550708648e+00 -2.350845303958e+00
1.165060561063e+00 -2.351335451543e+00
1.164873419150e+00 -2.351522593456e+00
1.164849025568e+00 -2.351546987038e+00
1.165226372659e+00 -2.351169639947e+00
1.165239537750e+00 -2.351156474856e+00
1.165096605067e+00 -2.351299407539e+00
1.165952861785e+00 -2.350443150821e+00
1.165209751836e+00 -2.351186260770e+00
1.165477470092e+00 -2.350918542514e+00
1.164684643616e+00 -2.351711368990e+00
1.165018127056e+00 -2.351377885550e+00
1.165006625471e+00 -2.351389387135e+00
1.164660129095e+00 -2.351735883511e+00
1.164424016303e+00 -2.351971996304e+00
1.165390481487e+00 -2.351005531119e+00
1.164851989590e+00 -2.351544023016e+00
1.164484272347e+00 -2.351911740260e+00
1.165364035926e+00 -2.351031976680e+00
1.164556550568e+00 -2.351839462039e+00
1.165060572682e+00 -2.351335439924e+00
1.164844897943e+00 -2.351551114663e+00
1.165171688756e+00 -2.351224323850e+00
1.164569894716e+00 -2.351826117890e+00
1.164350438261e+00 -2.352045574345e+00
1.165159978254e+00 -2.351236034352e+00
1.164841351265e+00 -2.351554661341e+00
1.164774143864e+00 -2.351621868742e+00
1.165146626739e+00 -2.351249385867e+00
1.165116053519e+00 -2.351279959087e+00
1.165427692451e+00 -2.350968320156e+00
1.165070415258e+00 -2.351325597348e+00
1.164956182097e+00 -2.351439830509e+00
1.165261651135e+00 -2.351134361471e+00
1.164360464377e+00 -2.352035548229e+00
1.165071696662e+00 -2.351324315944e+00
1.164725370466e+00 -2.351670642140e+00
1.164578891872e+00 -2.351817120734e+00
1.164628044360e+00 -2.351767968246e+00
1.164747389051e+00 -2.351648623555e+00
1.164773460102e+00 -2.351622552504e+00
1.165049074452e+00 -2.351346938154e+00
1.164489197486e+00 -2.351906815120e+00
1.164913585388e+00 -2.351482427218e+00
1.165167667865e+00 -2.351228344741e+00
1.165263014793e+00 -2.351132997813e+00
1.165232917637e+00 -2.351163094969e+00
1.165199744476e+00 -2.351196268130e+00
1.165271511370e+00 -2.351124501236e+00
1.164995323056e+00 -2.351400689550e+00
1.165235808400e+00 -2.351160204206e+00
1.164842480560e+00 -2.351553532047e+00
1.164681810068e+00 -2.351714202538e+00
1.165567620892e+00 -2.350828391714e+00
1.165053694026e+00 -2.351342318581e+00
1.165404120648e+00 -2.350991891958e+00
1.164554697289e+00 -2.351841315317e+00
1.165005947016e+00 -2.351390065590e+00
1.164668326888e+00 -2.351727685718e+00
1.165455480374e+00 -2.350940532232e+00
1.165176664414e+00 -2.351219348192e+00
1.165124785417e+00 -2.351271227189e+00
1.164828461519e+00 -2.351567551087e+00
1.165380022286e+00 -2.351015990320e+00
1.164733583450e+00 -2.351662429156e+00
1.164431640552e+00 -2.351964372054e+00
1.165153367710e+00 -2.351242644896e+00
1.165352251221e+00 -2.351043761385e+00
1.165024331323e+00 -2.351371681283e+00
1.164816453502e+00 -2.351579559104e+00
1.164965841273e+00 -2.351430171333e+00
1.164959426246e+00 -2.351436586360e+00
1.164700622593e+00 -2.351695390013e+00
1.164841191738e+00 -2.351554820868e+00
1.165018828472e+00 -2.351377184135e+00
1.165395533743e+00 -2.351000478863e+00
1.165443830562e+00 -2.350952182044e+00
1.165087445299e+00 -2.351308567308e+00
1.165436447380e+00 -2.350959565226e+00
1.165080247119e+00 -2.351315765487e+00
1.164902423987e+00 -2.351493588619e+00
1.164811115330e+00 -2.351584897276e+00
1.164933559027e+00 -2.351462453579e+00
1.164389491563e+00 -2.352006521043e+00
1.164996210425e+00 -2.351399802181e+00
1.164795371204e+00 -2.351600641402e+00
1.164907272008e+00 -2.351488740598e+00
1.165498330113e+00 -2.350897682493e+00
1.165685141944e+00 -2.350710870662e+00
1.164677444827e+00 -2.351718567779e+00
1.164144110290e+00 -2.352251902316e+00
1.165020923224e+00 -2.351375089382e+00
1.164734273359e+00 -2.351661739248e+00
1.164710748172e+00 -2.351685264434e+00
1.165284851307e+00 -2.351111161299e+00
1.164715501664e+00 -2.351680510942e+00
1.164514163663e+00 -2.351881848943e+00
1.165238499620e+00 -2.351157512986e+00
1.164909234888e+00 -2.351486777719e+00
1.165253583410e+00 -2.351142429196e+00
1.164448486874e+00 -2.351947525732e+00
1.165160354044e+00 -2.351235658562e+00
1.165299962535e+00 -2.351096050072e+00
1.165126689105e+00 -2.351269323501e+00
1.165214477221e+00 -2.351181535385e+00
1.165441932100e+00 -2.350954080506e+00
1.164421837417e+00 -2.351974175189e+00
1.164907672206e+00 -2.351488340400e+00
1.164862114857e+00 -2.351533897749e+00
1.164756719434e+00 -2.351639293173e+00
1.164950064141e+00 -2.351445948465e+00
1.165311064361e+00 -2.351084948245e+00
1.165214611556e+00 -2.351181401050e+00
1.164657902021e+00 -2.351738110585e+00
1.165214999807e+00 -2.351181012799e+00
1.165069059694e+00 -2.351326952912e+00
1.164831456319e+00 -2.351564556287e+00
1.165209835701e+00 -2.351186176905e+00
1.165750754362e+00 -2.350645258245e+00
1.164741181285e+00 -2.351654831321e+00
1.165092747895e+00 -2.351303264711e+00
1.165045328671e+00 -2.351350683935e+00
1.164608011021e+00 -2.351788001585e+00
1.165145734982e+00 -2.351250277624e+00
1.164918692456e+00 -2.351477320150e+00
1.165207424295e+00 -2.351188588311e+00
1.165008804546e+00 -2.351387208060e+00
1.164846391627e+00 -2.351549620979e+00
1.164545371946e+00 -2.351850640660e+00
1.164902364724e+00 -2.351493647882e+00
1.164847513634e+00 -2.351548498972e+00
1.165010600736e+00 -2.351385411870e+00
1.165005990147e+00 -2.351390022460e+00
1.165238648354e+00 -2.351157364252e+00
1.165027044141e+00 -2.351368968466e+00
1.164302548933e+00 -2.352093463673e+00
1.165003369155e+00 -2.351392643451e+00
1.165162254597e+00 -2.351233758009e+00
1.165287468543e+00 -2.351108544063e+00
1.164901966106e+00 -2.351494046500e+00
1.165453405364e+00 -2.350942607243e+00
1.164928546470e+00 -2.351467466136e+00
1.164520082712e+00 -2.351875929894e+00
1.165545864887e+00 -2.350850147719e+00
1.165303461721e+00 -2.351092550885e+00
1.164828074795e+00 -2.351567937811e+00
1.164931581991e+00 -2.351464430616e+00
1.164726821259e+00 -2.351669191347e+00
1.164475406491e+00 -2.351920606115e+00
1.164988055894e+00 -2.351407956712e+00
1.164636973310e+00 -2.351759039296e+00
1.165004528586e+00 -2.351391484020e+00
1.165660266269e+00 -2.350735746337e+00
1.165323534871e+00 -2.351072477736e+00
1.165257403623e+00 -2.351138608983e+00
1.165310347491e+00 -2.351085665115e+00
1.165585826967e+00 -2.350810185639e+00
1.164360490247e+00 -2.352035522359e+00
1.164783842178e+00 -2.351612170428e+00
1.165378324811e+00 -2.351017687795e+00
1.165457904377e+00 -2.350938108229e+00
1.164877436190e+00 -2.351518576416e+00
1.165417705945e+00 -2.350978306661e+00
1.165428389279e+00 -2.350967623327e+00
1.164785600647e+00 -2.351610411959e+00
1.164810879681e+00 -2.351585132926e+00
1.165144673552e+00 -2.351251339054e+00
1.164734713368e+00 -2.351661299238e+00
1.164639210455e+00 -2.351756802151e+00
1.165493780583e+00 -2.350902232023e+00
1.164988918735e+00 -2.351407093871e+00
1.165239428761e+00 -2.351156583845e+00
1.165163689773e+00 -2.351232322834e+00
1.165146259505e+00 -2.351249753101e+00
1.165257388222e+00 -2.351138624385e+00
1.164772384045e+00 -2.351623628561e+00
1.165201824244e+00 -2.351194188362e+00
1.164511400509e+00 -2.351884612097e+00
1.165204303861e+00 -2.351191708745e+00
1.164943195016e+00 -2.351452817590e+00
1.164570285285e+00 -2.351825727321e+00
1.165155611160e+00 -2.351240401446e+00
1.164779548482e+00 -2.351616464124e+00
1.164519159064e+00 -2.351876853542e+00
1.165231019727e+00 -2.351164992880e+00
1.164606634430e+00 -2.351789378176e+00
1.164702779253e+00 -2.351693233354e+00
1.165004260438e+00 -2.351391752168e+00
1.164312498767e+00 -2.352083513839e+00
1.164559284433e+00 -2.351836728173e+00
1.164746057691e+00 -2.351649954916e+00
1.164704147436e+00 -2.351691865171e+00
1.164957378071e+00 -2.351438634535e+00
1.164840680521e+00 -2.351555332085e+00
1.164356623505e+00 -2.352039389101e+00
1.165571945227e+00 -2.350824067379e+00
1.164715379653e+00 -2.351680632953e+00
1.164943352527e+00 -2.351452660079e+00
1.165097843457e+00 -2.351298169149e+00
1.164970367440e+00 -2.351425645166e+00
1.164782510851e+00 -2.351613501755e+00
1.165327752411e+00 -2.351068260195e+00
1.165226519610e+00 -2.351169492996e+00
1.165569643196e+00 -2.350826369410e+00
1.164694600049e+00 -2.351701412557e+00
1.165182210984e+00 -2.351213801622e+00
1.164776044748e+00 -2.351619967858e+00
1.165221089196e+00 -2.351174923410e+00
1.165027943826e+00 -2.351368068780e+00
1.165304434221e+00 -2.351091578385e+00
1.164725565753e+00 -2.351670446853e+00
1.164564266699e+00 -2.351831745907e+00
1.165305362426e+00 -2.351090650181e+00
1.164631215935e+00 -2.351764796671e+00
1.164521716132e+00 -2.351874296474e+00
1.165108359797e+00 -2.351287652809e+00
1.165071136828e+00 -2.351324875778e+00
1.164834456295e+00 -2.351561556311e+00
1.164860483846e+00 -2.351535528760e+00
1.164609606674e+00 -2.351786405932e+00
1.165137008132e+00 -2.351259004474e+00
1.164778258803e+00 -2.351617753803e+00
1.165379830202e+00 -2.351016182404e+00
1.164675997787e+00 -2.351720014819e+00
1.164901717161e+00 -2.351494295445e+00
1.164942317742e+00 -2.351453694864e+00
1.165013035818e+00 -2.351382976788e+00
1.165335069213e+00 -2.351060943393e+00
1.165120571949e+00 -2.351275440657e+00
1.165288520294e+00 -2.351107492312e+00
1.164847754843e+00 -2.351548257763e+00
1.164980936592e+00 -2.351415076014e+00
1.165365539166e+00 -2.351030473440e+00
1.164505377085e+00 -2.351890635521e+00
1.164723763368e+00 -2.351672249238e+00
1.164878414154e+00 -2.351517598452e+00
1.164355055949e+00 -2.352040956657e+00
1.165452706378e+00 -2.350943306228e+00
1.164793656179e+00 -2.351602356427e+00
1.164918049346e+00 -2.351477963260e+00
1.165284121033e+00 -2.351111891574e+00
1.165106250294e+00 -2.351289762312e+00
1.164465958865e+00 -2.351930053741e+00
1.165144019166e+00 -2.351251993440e+00
1.164865982476e+00 -2.351530030130e+00
1.164546162951e+00 -2.351849849655e+00
1.164942850471e+00 -2.351453162135e+00
1.164880879128e+00 -2.351515133478e+00
1.165152827249e+00 -2.351243185357e+00
1.165256303054e+00 -2.351139709552e+00
1.164845590196e+00 -2.351550422410e+00
1.164939436280e+00 -2.351456576326e+00
1.164993303951e+00 -2.351402708655e+00
1.165054568380e+00 -2.351341444227e+00
1.165072812006e+00 -2.351323200601e+00
1.165590060359e+00 -2.350805952247e+00
1.164617474444e+00 -2.351778538162e+00
1.164571132625e+00 -2.351824879981e+00
1.164795650702e+00 -2.351600361905e+00
1.165152863682e+00 -2.351243148925e+00
1.164825925488e+00 -2.351570087118e+00
1.165402844752e+00 -2.350993167854e+00
1.165374170785e+00 -2.351021841822e+00
1.165434903228e+00 -2.350961109378e+00
1.165168130401e+00 -2.351227882205e+00
1.165057847663e+00 -2.351338164943e+00
1.165075791243e+00 -2.351320221363e+00
1.164527817987e+00 -2.351868194620e+00
1.164581680448e+00 -2.351814332158e+00
1.164737753810e+00 -2.351658258796e+00
1.164944795294e+00 -2.351451217312e+00
1.165171332123e+00 -2.351224680483e+00
1.165173251394e+00 -2.351222761212e+00
1.165146603164e+00 -2.351249409442e+00
1.165516963974e+00 -2.350879048632e+00
1.165253756702e+00 -2.351142255904e+00
1.165277283438e+00 -2.351118729168e+00
1.165318148501e+00 -2.351077864105e+00
1.165113412958e+00 -2.351282599648e+00
1.164838792660e+00 -2.351557219946e+00
1.164916137990e+00 -2.351479874616e+00
1.164922967069e+00 -2.351473045538e+00
1.165339836518e+00 -2.351056176088e+00
1.164568475776e+00 -2.351827536830e+00
1.164894759769e+00 -2.351501252838e+00
1.164864778868e+00 -2.351531233738e+00
1.165281240044e+00 -2.351114772562e+00
1.164950675650e+00 -2.351445336956e+00
1.165179407006e+00 -2.351216605601e+00
1.165076112366e+00 -2.351319900240e+00
1.165341503611e+00 -2.351054508995e+00
1.165146704278e+00 -2.351249308328e+00
1.165266491591e+00 -2.351129521015e+00
1.164573515351e+00 -2.351822497255e+00
1.165315376660e+00 -2.351080635946e+00
1.165217691382e+00 -2.351178321224e+00
1.164791887277e+00 -2.351604125330e+00
1.164741198775e+00 -2.351654813831e+00
1.164547549643e+00 -2.351848462963e+00
1.165080115536e+00 -2.351315897070e+00
1.164834175633e+00 -2.351561836974e+00
1.165436735118e+00 -2.350959277489e+00
1.164831656752e+00 -2.351564355854e+00
1.164913369506e+00 -2.351482643100e+00
1.164792624482e+00 -2.351603388124e+00
1.165100296368e+00 -2.351295716239e+00
1.164829407164e+00 -2.351566605442e+00
1.164600088563e+00 -2.351795924044e+00
1.164893124777e+00 -2.351502887829e+00
1.164712138182e+00 -2.351683874424e+00
1.165417736738e+00 -2.350978275868e+00
1.165276222430e+00 -2.351119790176e+00
1.164935215847e+00 -2.351460796759e+00
1.165118435417e+00 -2.351277577189e+00
1.165608318391e+00 -2.350787694215e+00
1.165391680576e+00 -2.351004332030e+00
1.164682816078e+00 -2.351713196528e+00
1.165068639884e+00 -2.351327372722e+00
1.165243400759e+00 -2.351152611848e+00
1.164530936829e+00 -2.351865075777e+00
1.164885604222e+00 -2.351510408384e+00
1.164972914927e+00 -2.351423097680e+00
1.164805406035e+00 -2.351590606571e+00
1.165155306937e+00 -2.351240705669e+00
1.165040136825e+00 -2.351355875781e+00
1.164698050007e+00 -2.351697962599e+00
1.165502495907e+00 -2.350893516699e+00
1.165066351015e+00 -2.351329661591e+00
1.164746803676e+00 -2.351649208930e+00
1.164894470378e+00 -2.351501542228e+00
1.165138795068e+00 -2.351257217538e+00
1.165273817609e+00 -2.351122194997e+00
1.164897426144e+00 -2.351498586463e+00
1.164313278517e+00 -2.352082734089e+00
1.165067809787e+00 -2.351328202820e+00
1.165078126979e+00 -2.351317885627e+00
1.164793568302e+00 -2.351602444304e+00
1.164523775127e+00 -2.351872237479e+00
1.164758850319e+00 -2.351637162287e+00
1.164219384283e+00 -2.352176628323e+00
1.164744089328e+00 -2.351651923278e+00
1.165015253226e+00 -2.351380759380e+00
1.164724643219e+00 -2.351671369388e+00
1.165454462474e+00 -2.350941550132e+00
1.165091240881e+00 -2.351304771726e+00
1.164798935145e+00 -2.351597077461e+00
1.165265712645e+00 -2.351130299961e+00
1.164776245741e+00 -2.351619766865e+00
1.164651618865e+00 -2.351744393742e+00
1.164590041308e+00 -2.351805971298e+00
1.165007000806e+00 -2.351389011800e+00
1.165045093464e+00 -2.351350919142e+00
1.164874199314e+00 -2.351521813292e+00
1.164948577298e+00 -2.351447435308e+00
1.164948052351e+00 -2.351447960256e+00
1.164681285691e+00 -2.351714726915e+00
1.164743421349e+00 -2.351652591257e+00
1.164954544758e+00 -2.351441467848e+00
1.165538237437e+00 -2.350857775169e+00
1.165750537841e+00 -2.350645474765e+00
1.164991487494e+00 -2.351404525112e+00
1.165520764735e+00 -2.350875247871e+00
1.164930114866e+00 -2.351465897740e+00
1.164813546469e+00 -2.351582466137e+00
1.165126328506e+00 -2.351269684100e+00
1.165434271955e+00 -2.350961740651e+00
1.165154647911e+00 -2.351241364695e+00
1.164973865939e+00 -2.351422146668e+00
1.164819289516e+00 -2.351576723091e+00
1.165039132215e+00 -2.351356880392e+00
1.164960293091e+00 -2.351435719516e+00
1.164702896351e+00 -2.351693116255e+00
1.165483133003e+00 -2.350912879603e+00
1.165098975580e+00 -2.351297037026e+00
1.165135346054e+00 -2.351260666553e+00
1.165253754976e+00 -2.351142257630e+00
1.165191123043e+00 -2.351204889563e+00
1.165166614890e+00 -2.351229397716e+00
1.165126101230e+00 -2.351269911376e+00
1.164965030029e+00 -2.351430982577e+00
1.164866462629e+00 -2.351529549977e+00
1.165095408084e+00 -2.351300604522e+00
1.165188947190e+00 -2.351207065416e+00
1.164985571499e+00 -2.351410441107e+00
1.165335676137e+00 -2.351060336469e+00
1.164991563132e+00 -2.351404449474e+00
1.164551664159e+00 -2.351844348447e+00
1.164643956350e+00 -2.351752056256e+00
1.164699571922e+00 -2.351696440684e+00
1.165551379015e+00 -2.350844633591e+00
1.165108368094e+00 -2.351287644512e+00
1.164939849398e+00 -2.351456163208e+00
1.165064608313e+00 -2.351331404293e+00
1.164855836850e+00 -2.351540175756e+00
1.165247888853e+00 -2.351148123753e+00
1.165013877755e+00 -2.351382134852e+00
1.165043116657e+00 -2.351352895949e+00
1.164892487359e+00 -2.351503525247e+00
1.164644702464e+00 -2.351751310142e+00
1.165041033599e+00 -2.351354979007e+00
1.164487917205e+00 -2.351908095401e+00
1.165609918651e+00 -2.350786093955e+00
1.164757788120e+00 -2.351638224486e+00
1.164764523535e+00 -2.351631489071e+00
1.164584167072e+00 -2.351811845534e+00
1.165046243816e+00 -2.351349768790e+00
1.164410211720e+00 -2.351985800886e+00
1.164756389545e+00 -2.351639623061e+00
1.164982383773e+00 -2.351413628833e+00
1.164360275461e+00 -2.352035737145e+00
1.164420037921e+00 -2.351975974685e+00
1.164611814732e+00 -2.351784197874e+00
1.164906312691e+00 -2.351489699915e+00
1.164446179388e+00 -2.351949833218e+00
1.165183140713e+00 -2.351212871893e+00
1.164904007884e+00 -2.351492004722e+00
1.164968784501e+00 -2.351427228105e+00
1.164525120330e+00 -2.351870892276e+00
1.164716605974e+00 -2.351679406632e+00
1.165023968106e+00 -2.351372044500e+00
1.164914694621e+00 -2.351481317985e+00
1.164741502130e+00 -2.351654510476e+00
1.165438250019e+00 -2.350957762588e+00
1.164461120334e+00 -2.351934892273e+00
1.164912630158e+00 -2.351483382448e+00
1.165253195455e+00 -2.351142817152e+00
1.165297164547e+00 -2.351098848059e+00
1.165013201596e+00 -2.351382811010e+00
1.165027409665e+00 -2.351368602941e+00
1.164667101445e+00 -2.351728911161e+00
1.164801097687e+00 -2.351594914919e+00
1.164811195972e+00 -2.351584816634e+00
1.165023528534e+00 -2.351372484073e+00
1.164773214958e+00 -2.351622797648e+00
1.164848843290e+00 -2.351547169316e+00
1.165545629643e+00 -2.350850382963e+00
1.165104106329e+00 -2.351291906277e+00
1.164928472398e+00 -2.351467540209e+00
1.164813760884e+00 -2.351582251723e+00
1.164713300190e+00 -2.351682712416e+00
1.164902057250e+00 -2.351493955356e+00
1.164469401295e+00 -2.351926611311e+00
1.165241761815e+00 -2.351154250791e+00
1.165050069319e+00 -2.351345943287e+00
1.164862085339e+00 -2.351533927267e+00
1.164749349289e+00 -2.351646663317e+00
1.165441773360e+00 -2.350954239246e+00
1.164756738641e+00 -2.351639273965e+00
1.165109818951e+00 -2.351286193655e+00
1.164291391926e+00 -2.352104620680e+00
1.164993590794e+00 -2.351402421812e+00
1.165517198903e+00 -2.350878813703e+00
1.164744463510e+00 -2.351651549096e+00
1.164747661460e+00 -2.351648351146e+00
1.164214824445e+00 -2.352181188161e+00
1.164582281962e+00 -2.351813730644e+00
1.164906557731e+00 -2.351489454875e+00
1.165079165245e+00 -2.351316847362e+00
1.164732710049e+00 -2.351663302557e+00
1.164880490374e+00 -2.351515522232e+00
1.164933117364e+00 -2.351462895242e+00
1.164780930966e+00 -2.351615081640e+00
1.165170974231e+00 -2.351225038375e+00
1.165025993379e+00 -2.351370019227e+00
1.165003667978e+00 -2.351392344628e+00
1.164744597857e+00 -2.351651414749e+00
1.165450837893e+00 -2.350945174713e+00
1.164948423845e+00 -2.351447588761e+00
1.164649789606e+00 -2.351746223000e+00
1.165316896233e+00 -2.351079116373e+00
1.165414925969e+00 -2.350981086637e+00
1.164663661048e+00 -2.351732351558e+00
1.165316623171e+00 -2.351079389435e+00
1.165223297108e+00 -2.351172715498e+00
1.164936481551e+00 -2.351459531055e+00
1.164960419270e+00 -2.351435593336e+00
1.165272461658e+00 -2.351123550948e+00
1.164980468618e+00 -2.351415543988e+00
1.165098877457e+00 -2.351297135149e+00
1.164922730403e+00 -2.351473282204e+00
1.165355575189e+00 -2.351040437417e+00
1.164787524294e+00 -2.351608488312e+00
1.164771810526e+00 -2.351624202080e+00
1.164846122074e+00 -2.351549890532e+00
1.164607502472e+00 -2.351788510134e+00
1.164823313948e+00 -2.351572698658e+00
1.165193940335e+00 -2.351202072271e+00
1.165157229677e+00 -2.351238782929e+00
1.165148286504e+00 -2.351247726102e+00
1.165025576394e+00 -2.351370436213e+00
1.164914334123e+00 -2.351481678483e+00
1.164903996786e+00 -2.351492015820e+00
1.164940807882e+00 -2.351455204724e+00
1.164708968129e+00 -2.351687044477e+00
1.165245629254e+00 -2.351150383352e+00
1.164710540800e+00 -2.351685471806e+00
1.164995930813e+00 -2.351400081793e+00
1.164578482503e+00 -2.351817530103e+00
1.165375019105e+00 -2.351020993502e+00
1.164852029234e+00 -2.351543983372e+00
1.164683688830e+00 -2.351712323776e+00
1.164850563880e+00 -2.351545448726e+00
1.164524549799e+00 -2.351871462807e+00
1.164910357954e+00 -2.351485654652e+00
1.164980153923e+00 -2.351415858684e+00
1.165250894969e+00 -2.351145117637e+00
1.165425799685e+00 -2.350970212922e+00
1.164952990341e+00 -2.351443022265e+00
1.164870471514e+00 -2.351525541093e+00
1.164492869175e+00 -2.351903143431e+00
1.165174224105e+00 -2.351221788501e+00
1.164846053121e+00 -2.351549959485e+00
1.165129765406e+00 -2.351266247200e+00
1.164901984709e+00 -2.351494027897e+00
1.164442641472e+00 -2.351953371134e+00
1.165300098194e+00 -2.351095914412e+00
1.164920546210e+00 -2.351475466396e+00
1.164728446696e+00 -2.351667565910e+00
1.164477345504e+00 -2.351918667102e+00
1.164422178800e+00 -2.351973833806e+00
1.164756009195e+00 -2.351640003411e+00
1.164864122031e+00 -2.351531890575e+00
1.165150146978e+00 -2.351245865628e+00
1.164923047936e+00 -2.351472964670e+00
1.165208664606e+00 -2.351187348000e+00
1.165078104946e+00 -2.351317907660e+00
1.164968810354e+00 -2.351427202252e+00
1.164409754050e+00 -2.351986258556e+00
1.164898656219e+00 -2.351497356387e+00
1.164796417619e+00 -2.351599594987e+00
1.164994016577e+00 -2.351401996029e+00
1.164656213683e+00 -2.351739798923e+00
1.164831239902e+00 -2.351564772704e+00
1.164897085462e+00 -2.351498927144e+00
1.164731164931e+00 -2.351664847675e+00
1.164927350239e+00 -2.351468662367e+00
1.164788443502e+00 -2.351607569104e+00
1.164768623140e+00 -2.351627389466e+00
1.164682451412e+00 -2.351713561194e+00
1.164573703442e+00 -2.351822309164e+00
1.165226082303e+00 -2.351169930303e+00
1.164818662862e+00 -2.351577349744e+00
1.165265831579e+00 -2.351130181027e+00
1.164896767177e+00 -2.351499245429e+00
1.164902569634e+00 -2.351493442972e+00
1.165913613566e+00 -2.350482399040e+00
1.164665792530e+00 -2.351730220077e+00
1.165107510215e+00 -2.351288502391e+00
1.165152435859e+00 -2.351243576747e+00
1.165259412786e+00 -2.351136599820e+00
1.165426326968e+00 -2.350969685638e+00
1.165025208452e+00 -2.351370804154e+00
1.164814244507e+00 -2.351581768099e+00
1.164949375690e+00 -2.351446636916e+00
1.164895779370e+00 -2.351500233237e+00
1.165047596015e+00 -2.351348416592e+00
1.165061780811e+00 -2.351334231795e+00
1.164453328615e+00 -2.351942683991e+00
1.165120969469e+00 -2.351275043137e+00
1.165533586356e+00 -2.350862426250e+00
1.165300333948e+00 -2.351095678658e+00
1.164613751244e+00 -2.351782261362e+00
1.164462692298e+00 -2.351933320308e+00
1.164860550656e+00 -2.351535461950e+00
1.165467565324e+00 -2.350928447283e+00
1.164490237174e+00 -2.351905775432e+00
1.164968436084e+00 -2.351427576522e+00
1.164875975342e+00 -2.351520037264e+00
1.165052370956e+00 -2.351343641650e+00
1.165146451894e+00 -2.351249560712e+00
1.164867984500e+00 -2.351528028106e+00
1.165184891578e+00 -2.351211121028e+00
1.164155454106e+00 -2.352240558500e+00
1.165367705970e+00 -2.351028306636e+00
1.164612784872e+00 -2.351783227734e+00
1.164895855258e+00 -2.351500157348e+00
1.165122445791e+00 -2.351273566815e+00
1.165144659167e+00 -2.351251353439e+00
1.164746869836e+00 -2.351649142770e+00
1.165156541198e+00 -2.351239471408e+00
1.164509848727e+00 -2.351886163879e+00
1.165066320011e+00 -2.351329692595e+00
1.164243963527e+00 -2.352152049079e+00
1.164979760290e+00 -2.351416252316e+00
1.165046317955e+00 -2.351349694651e+00
1.164901066467e+00 -2.351494946139e+00
1.165125827007e+00 -2.351270185599e+00
1.165215356708e+00 -2.351180655898e+00
1.164625692604e+00 -2.351770320002e+00
1.165113259822e+00 -2.351282752784e+00
1.164763830552e+00 -2.351632182054e+00
1.164975914587e+00 -2.351420098019e+00
1.165130315181e+00 -2.351265697425e+00
1.165052120288e+00 -2.351343892319e+00
1.164764089877e+00 -2.351631922729e+00
1.164935805726e+00 -2.351460206881e+00
1.164614805591e+00 -2.351781207015e+00
1.165452192273e+00 -2.350943820333e+00
1.164946832838e+00 -2.351449179768e+00
1.165129202633e+00 -2.351266809974e+00
1.165107350660e+00 -2.351288661946e+00
1.164871961681e+00 -2.351524050926e+00
1.164483264931e+00 -2.351912747675e+00
1.165020297981e+00 -2.351375714625e+00
1.165383082595e+00 -2.351012930012e+00
1.164631608760e+00 -2.351764403846e+00
1.164992946784e+00 -2.351403065823e+00
1.164755261341e+00 -2.351640751265e+00
1.164551502875e+00 -2.351844509732e+00
1.164717338761e+00 -2.351678673845e+00
1.165334191365e+00 -2.351061821241e+00
1.165175999441e+00 -2.351220013165e+00
1.164630736568e+00 -2.351765276038e+00
1.165371903533e+00 -2.351024109073e+00
1.164965622852e+00 -2.351430389754e+00
1.164870926037e+00 -2.351525086569e+00
1.165335728784e+00 -2.351060283822e+00
1.165050563214e+00 -2.351345449392e+00
1.165147509184e+00 -2.351248503422e+00
1.165038567997e+00 -2.351357444609e+00
1.164409207869e+00 -2.351986804737e+00
1.165395618896e+00 -2.351000393711e+00
1.164761097505e+00 -2.351634915101e+00
1.164658249320e+00 -2.351737763286e+00
1.164849179858e+00 -2.351546832748e+00
1.165134829544e+00 -2.351261183062e+00
1.164935687864e+00 -2.351460324743e+00
1.164776172394e+00 -2.351619840212e+00
1.164717393313e+00 -2.351678619293e+00
1.165081635514e+00 -2.351314377092e+00
1.165027472151e+00 -2.351368540455e+00
1.165070793135e+00 -2.351325219471e+00
1.165103864528e+00 -2.351292148078e+00
1.164843505918e+00 -2.351552506688e+00
1.165087964181e+00 -2.351308048425e+00
1.164914038230e+00 -2.351481974377e+00
1.165013282921e+00 -2.351382729685e+00
1.164670705321e+00 -2.351725307285e+00
1.165238688184e+00 -2.351157324422e+00
1.164706172952e+00 -2.351689839654e+00
1.164824741060e+00 -2.351571271546e+00
1.165114083702e+00 -2.351281928904e+00
1.165122161588e+00 -2.351273851018e+00
1.164852050701e+00 -2.351543961905e+00
1.164382441374e+00 -2.352013571232e+00
1.165314306904e+00 -2.351081705702e+00
1.165583149540e+00 -2.350812863066e+00
1.164446808367e+00 -2.351949204240e+00
1.164341216741e+00 -2.352054795865e+00
1.165406345392e+00 -2.350989667214e+00
1.165192490858e+00 -2.351203521748e+00
1.164866933506e+00 -2.351529079100e+00
1.164886258267e+00 -2.351509754339e+00
1.164613178743e+00 -2.351782833864e+00
1.164310433522e+00 -2.352085579084e+00
1.165325634754e+00 -2.351070377852e+00
1.165272507186e+00 -2.351123505420e+00
1.165231324380e+00 -2.351164688226e+00
1.164846956810e+00 -2.351549055796e+00
1.165155613535e+00 -2.351240399071e+00
1.165253521770e+00 -2.351142490836e+00
1.165145325378e+00 -2.351250687228e+00
1.164862551342e+00 -2.351533461265e+00
1.164329463482e+00 -2.352066549124e+00
1.164847828705e+00 -2.351548183901e+00
1.164839893716e+00 -2.351556118890e+00
1.164915624509e+00 -2.351480388097e+00
1.164678910910e+00 -2.351717101696e+00
1.164328925541e+00 -2.352067087065e+00
1.164649639857e+00 -2.351746372749e+00
1.165250975212e+00 -2.351145037394e+00
1.165033758688e+00 -2.351362253919e+00
1.164674469905e+00 -2.351721542701e+00
1.165211142389e+00 -2.351184870217e+00
1.164737530854e+00 -2.351658481752e+00
1.164933371840e+00 -2.351462640766e+00
1.164713329153e+00 -2.351682683453e+00
1.164590950827e+00 -2.351805061779e+00
1.165053588611e+00 -2.351342423995e+00
1.164808265458e+00 -2.351587747148e+00
1.165416376596e+00 -2.350979636010e+00
1.164686091535e+00 -2.351709921072e+00
1.165013895530e+00 -2.351382117076e+00
1.165034240909e+00 -2.351361771697e+00
1.164243473809e+00 -2.352152538797e+00
1.165350545620e+00 -2.351045466987e+00
1.164777368269e+00 -2.351618644338e+00
1.165187585117e+00 -2.351208427489e+00
1.164829650668e+00 -2.351566361938e+00
1.164801379698e+00 -2.351594632908e+00
1.164790325249e+00 -2.351605687357e+00
1.164492094708e+00 -2.351903917898e+00
1.164928973943e+00 -2.351467038663e+00
1.164939237052e+00 -2.351456775554e+00
1.164743146496e+00 -2.351652866110e+00
1.165305465552e+00 -2.351090547054e+00
1.165010449161e+00 -2.351385563446e+00
1.164578853475e+00 -2.351817159131e+00
1.165041460432e+00 -2.351354552174e+00
1.164237840734e+00 -2.352158171872e+00
1.164801450194e+00 -2.351594562412e+00
1.164678072388e+00 -2.351717940218e+00
1.164856902953e+00 -2.351539109653e+00
1.164257574558e+00 -2.352138438048e+00
1.165250722708e+00 -2.351145289898e+00
1.165074133885e+00 -2.351321878722e+00
1.165024645241e+00 -2.351371367365e+00
1.165211219158e+00 -2.351184793448e+00
1.165638544449e+00 -2.350757468157e+00
1.164982789800e+00 -2.351413222806e+00
1.164955918863e+00 -2.351440093743e+00
1.164989430047e+00 -2.351406582559e+00
1.165337669711e+00 -2.351058342895e+00
1.164963888415e+00 -2.351432124191e+00
1.165075020948e+00 -2.351320991658e+00
1.164577925721e+00 -2.351818086885e+00
1.165294450515e+00 -2.351101562091e+00
1.165146457073e+00 -2.351249555533e+00
1.165068018369e+00 -2.351327994238e+00
1.164571943637e+00 -2.351824068969e+00
1.164775950305e+00 -2.351620062301e+00
1.165286892413e+00 -2.351109120194e+00
1.165195481746e+00 -2.351200530860e+00
1.165156469000e+00 -2.351239543606e+00
1.165282080561e+00 -2.351113932045e+00
1.164991509336e+00 -2.351404503270e+00
1.164424006027e+00 -2.351972006579e+00
1.164403429621e+00 -2.351992582985e+00
1.165211378389e+00 -2.351184634217e+00
1.164785762684e+00 -2.351610249922e+00
1.164534424500e+00 -2.351861588106e+00
1.165111329044e+00 -2.351284683562e+00
1.165160087780e+00 -2.351235924826e+00
1.164792774593e+00 -2.351603238013e+00
1.164753469601e+00 -2.351642543005e+00
1.164708945612e+00 -2.351687066994e+00
1.164845508572e+00 -2.351550504034e+00
1.165018318138e+00 -2.351377694468e+00
1.164788683451e+00 -2.351607329155e+00
1.164627906222e+00 -2.351768106384e+00
1.164919408342e+00 -2.351476604264e+00
1.165164607006e+00 -2.351231405600e+00
1.164875825863e+00 -2.351520186743e+00
1.165386535298e+00 -2.351009477308e+00
1.165273864176e+00 -2.351122148431e+00
1.164938979793e+00 -2.351457032813e+00
1.165053559485e+00 -2.351342453121e+00
1.165294134863e+00 -2.351101877743e+00
1.164268675436e+00 -2.352127337170e+00
1.165404430810e+00 -2.350991581796e+00
1.164749572695e+00 -2.351646439911e+00
1.164976782254e+00 -2.351419230352e+00
1.165322783444e+00 -2.351073229163e+00
1.164589067889e+00 -2.351806944717e+00
1.164770843140e+00 -2.351625169466e+00
1.164919033897e+00 -2.351476978709e+00
1.164736720966e+00 -2.351659291640e+00
1.164642825242e+00 -2.351753187364e+00
1.165238001854e+00 -2.351158010752e+00
1.165068706662e+00 -2.351327305944e+00
1.165323272171e+00 -2.351072740435e+00
1.165477494386e+00 -2.350918518220e+00
1.164796532541e+00 -2.351599480065e+00
1.165265317654e+00 -2.351130694952e+00
1.164232744780e+00 -2.352163267826e+00
1.165313153218e+00 -2.351082859389e+00
1.164572264517e+00 -2.351823748089e+00
1.165135263745e+00 -2.351260748861e+00
1.164619227024e+00 -2.351776785582e+00
1.164711921655e+00 -2.351684090951e+00
1.165203611195e+00 -2.351192401411e+00
1.165244468531e+00 -2.351151544075e+00
1.165252057773e+00 -2.351143954833e+00
1.164579976437e+00 -2.351816036169e+00
1.165045521783e+00 -2.351350490823e+00
1.165013133260e+00 -2.351382879346e+00
1.164523541886e+00 -2.351872470720e+00
1.164909993407e+00 -2.351486019199e+00
1.164845410118e+00 -2.351550602488e+00
1.164516393484e+00 -2.351879619123e+00
1.164687459405e+00 -2.351708553201e+00
1.164922640686e+00 -2.351473371920e+00
1.164620647061e+00 -2.351775365546e+00
