system family nbf nocc nvir naux nsamples t_STC_exchange t_STC_total t_STC_direct t_STC_laplace t_STC_Rov err_STC std_STC t_pyscf_MP2 t_pyscf_SCF t_SCF_2it_incore t_SCF_2it_outcore t_RIMP2 t_DLPNO_normal t_DLPNO_tight err_DLPNO_normal err_DLPNO_tight
alkane_C2 alkane 144 7 135 342 14345 0.2566 0.2935 0.0089 0.0281 0.2770 -2.629150605180e-04 2.099143577165e-04 0.1293 3.6244 1.5622 1.3878 1.461 4.126 5.900 4.691e-05 9.318e-06
alkane_C4 alkane 260 13 243 624 223838 0.5157 0.8003 0.0563 0.2283 0.4825 3.917356027372e-05 2.922324561634e-04 0.2714 9.3347 2.3278 2.2791 1.908 10.476 12.188 1.900e-04 5.067e-05
alkane_C6 alkane 376 19 351 906 686278 0.9022 1.5063 0.2034 0.4006 0.8913 1.909548459089e-04 3.275927685097e-04 0.7252 10.0318 3.3599 5.0990 2.698 19.262 26.828 3.818e-04 1.172e-04
alkane_C8 alkane 492 25 459 1188 1412726 1.8320 3.9273 0.6927 1.4027 2.1253 -1.990026799945e-04 3.051010527918e-04 1.4855 13.4925 5.2480 14.5167 3.964 38.117 47.367 5.965e-04 1.872e-04
alkane_C10 alkane 608 31 567 1470 2428558 1.8615 5.0055 1.4256 1.7184 3.1672 4.826878124264e-04 2.972240007521e-04 4.1168 32.3585 9.0701 25.0889 6.767 68.942 66.801 8.341e-04 2.719e-04
alkane_C12 alkane 724 37 675 1752 3650238 2.1011 7.0437 2.3992 2.5433 4.1865 -6.324975082483e-05 2.996244478411e-04 6.3661 26.9484 18.7403 43.7882 14.750 86.056 89.689 1.081e-03 3.671e-04
alkane_C16 alkane 956 49 891 2316 7052888 4.0606 19.8178 8.1959 7.5613 9.5065 4.269294701054e-05 3.001289411781e-04 19.2084 55.4091 39.7856 224.8481 44.155 126.472 154.420 1.577e-03 5.618e-04
alkane_C20 alkane 1188 61 1107 2880 10164103 5.9062 39.7920 17.9728 15.9130 18.4715 -3.533328873910e-04 2.922217754549e-04 48.1301 113.7853 66.3037 370.4085 88.735 170.128 247.407 2.081e-03 7.621e-04
alkane_C24 alkane 1420 73 1323 3444 14402519 9.7981 70.3091 33.4172 27.0938 31.1714 4.526706576353e-04 3.054492112778e-04 97.4266 175.5357 100.0519 556.6645 155.310 303.325 518.399 2.575e-03 9.568e-04
alkane_C30 alkane 1768 91 1647 4290 23874568 14.8214 172.4219 90.6690 66.9316 75.0210 6.166330827906e-05 3.015870552067e-04 297.2568 425.2288 247.1068 NA 483.412 511.353 450.834 3.326e-03 1.257e-03
alkane_C40 alkane 2348 121 2187 5700 43415696 33.8591 591.2763 322.1449 235.2724 335.1055 3.528786165763e-04 3.054601852283e-04 922.0751 1002.0425 600.0358 1114.3451 1697.530 867.792 824.552 4.567e-03 1.746e-03
alkane_C50 alkane 2928 151 2727 7110 67706461 66.8033 1141.9923 654.5229 420.6661 617.9182 -6.226699795828e-04 2.989324346279e-04 2323.7985 2277.0205 1556.6311 1789.4753 4667.068 1250.788 1586.502 5.813e-03 2.240e-03
alkane_C60 alkane 3508 181 3267 8520 98756384 85.2273 2470.1901 1498.0549 886.9079 941.1505 1.077279045454e-04 3.032431532260e-04 5223.6526 6439.8051 NA 2648.9671 10604.559 2017.380 2328.605 7.062e-03 2.737e-03
alkane_C80 alkane 4668 241 4347 11340 179786209 131.5060 5849.8270 3719.2171 1999.1038 2174.4222 3.562304545017e-04 3.017735424338e-04 22817.2737 16583.8614 NA 7109.1828 38735.358 3045.637 3942.553 9.553e-03 3.724e-03
alkane_C100 alkane 5828 301 5427 14160 275133166 243.9137 12213.6930 7575.4157 4394.3636 5578.3925 8.608493194728e-05 3.075717952998e-04 60613.8420 39670.4736 NA 16366.1777 138142.674 3679.713 5407.430 1.204e-02 4.710e-03
BN_1x1 BN 264 15 243 666 411805 0.8770 1.1368 0.0807 0.1791 0.5009 -1.714511726658e-04 2.825181377666e-04 0.3641 8.3001 2.7912 2.0976 1.642 12.754 14.947 2.379e-04 6.295e-05
BN_1x2 BN 412 24 378 1050 1664205 1.2892 2.2550 0.3666 0.5991 0.9708 3.869861755859e-04 3.719905374722e-04 1.2381 12.9353 4.6147 13.2070 2.892 34.646 44.698 6.811e-04 1.851e-04
BN_2x2 BN 620 37 567 1596 5557363 2.6010 6.6265 1.9128 2.1128 2.7726 2.188837046009e-04 3.034851666227e-04 5.1407 22.8939 18.7757 24.5722 12.046 100.567 156.839 1.636e-03 5.787e-04
BN_2x3 BN 828 50 756 2142 11674726 5.2306 18.9920 7.0692 6.6922 9.2329 -7.430389577134e-04 2.941565293060e-04 12.2697 40.3168 27.3087 67.7519 29.676 228.200 344.182 2.621e-03 9.210e-04
BN_3x3 BN 1096 67 999 2850 23754855 7.7130 38.8250 16.8825 14.2295 19.0954 -1.902265186597e-04 3.027303373742e-04 38.0401 124.3825 48.0276 144.0233 86.396 477.889 660.512 4.106e-03 1.495e-03
BN_3x4 BN 1364 84 1242 3558 42150210 21.1204 96.0201 40.2655 34.6342 51.1057 -1.316039061816e-05 3.078849799143e-04 150.4229 251.2957 97.4300 NA 229.139 757.561 1289.093 5.591e-03 2.119e-03
BN_4x4 BN 1692 105 1539 4428 69959449 30.7012 207.1670 102.1883 74.2776 86.2117 8.461131053572e-06 3.053122150371e-04 318.4924 439.4997 217.7755 NA 573.946 1256.644 2577.808 7.535e-03 2.948e-03
BN_4x5 BN 2020 126 1836 5298 108901907 29.6058 366.2133 205.2159 131.3916 131.4216 1.938565575976e-05 3.037824239168e-04 665.7185 777.2414 337.2803 699.6145 1154.862 2116.198 3908.024 9.591e-03 3.822e-03
BN_5x5 BN 2408 151 2187 6330 164103775 45.6525 700.9713 407.3820 247.9367 245.6608 -1.590331776136e-05 3.042548319036e-04 1583.5841 1644.6889 790.7753 1072.3964 2571.398 2964.753 4455.078 1.214e-02 4.982e-03
BN_5x6 BN 2796 176 2538 7362 233675621 75.4744 1202.1913 701.6162 425.1008 436.7494 4.475800763046e-04 3.031535210688e-04 3549.1996 3029.6453 1611.3978 1691.6099 5555.002 3867.171 5711.303 1.472e-02 6.124e-03
BN_6x6 BN 3244 205 2943 8556 329821297 98.3812 2314.6295 1385.2496 830.9987 718.4150 9.138781995865e-05 3.020011230352e-04 5469.6592 6092.5026 NA 2279.9790 11880.338 4963.773 7439.038 1.780e-02 7.514e-03
BN_6x7 BN 3692 234 3348 9750 444366492 129.3027 3654.5518 2283.2107 1242.0384 1279.2031 6.878045206342e-04 3.024077435912e-04 10506.9180 8716.4686 NA 4353.3546 22667.923 6380.218 12493.665 2.093e-02 8.906e-03
BN_7x7 BN 4200 267 3807 11106 594362587 169.7523 5761.4893 3641.0792 1950.6578 2173.6034 4.160120164443e-04 3.014444465479e-04 21018.0596 12959.4589 NA 5690.8869 38641.538 7340.548 11296.850 2.454e-02 1.055e-02
BN_7x8 BN 4708 300 4266 12462 759854252 306.1614 9790.0696 6257.4024 3226.5058 3256.5644 2.060569290663e-05 3.042086398673e-04 40210.9609 25751.2577 NA 8038.6521 63908.495 10738.002 13860.960 2.819e-02 1.221e-02
BN_8x8 BN 5276 337 4779 13980 951604371 314.3692 13346.1218 8501.2088 4530.5438 5058.9424 -1.773746970208e-04 3.085017122838e-04 71752.0917 38462.8377 NA 13594.3898 114826.191 15143.168 23161.005 3.233e-02 1.410e-02
